session_date,btc_close_at_xnas,ibit_close,r_btc_sync,r_ibit,btc_utc00_same_date,utc00_boundary,utc00_candle_start,r_btc_utc00,log_r_btc_xnas,log_r_btc_utc00,log_r_ibit
2024-01-11,46289.15,26.6299991607666,,,46666.11,2024-01-11 00:00:00+00:00,2024-01-10 23:00:00+00:00,,,,
2024-01-12,43648.18,24.969999313354492,-0.0570537588182111,-0.0623357078380141,46342.66,2024-01-12 00:00:00+00:00,2024-01-11 23:00:00+00:00,-0.006931154107338244,-0.058746006264499905,-0.0069552861291220635,-0.06436329151839273
2024-01-16,43170.0,24.719999313354492,-0.0109553250559358,-0.0100120146926193,42490.16,2024-01-16 00:00:00+00:00,2024-01-15 23:00:00+00:00,-0.08313074821341715,-0.011015776545400754,-0.08679039945796357,-0.010062471980294804
2024-01-17,42636.74,24.40999984741211,-0.0123525596479037,-0.0125404318184957,43130.45,2024-01-17 00:00:00+00:00,2024-01-16 23:00:00+00:00,0.01506913600701898,-0.01242948666632684,0.014956724466707096,-0.012619726658739314
2024-01-18,40677.76,23.34000015258789,-0.0459458204356147,-0.0438344818317423,42739.49,2024-01-18 00:00:00+00:00,2024-01-17 23:00:00+00:00,-0.009064593576000202,-0.04703481715024398,-0.009105926974250687,-0.04482424475780548
2024-01-19,41543.06,23.799999237060547,0.0212720661118015,0.0197086153155681,41293.5,2024-01-19 00:00:00+00:00,2024-01-18 23:00:00+00:00,-0.033832645171947506,0.02104897392246887,-0.034418214611213964,0.019516915225125893
2024-01-22,40139.74,22.950000762939453,-0.033779890070688,-0.0357142227465917,41554.05,2024-01-22 00:00:00+00:00,2024-01-21 23:00:00+00:00,0.006309709760616178,-0.03436361365541736,0.00628988688269145,-0.036367578871046205
2024-01-23,39120.89,22.31999969482422,-0.0253825759708458,-0.0274510260205561,39524.27,2024-01-23 00:00:00+00:00,2024-01-22 23:00:00+00:00,-0.048846742976918156,-0.025710270598791697,-0.05008007587370576,-0.027834845909742733
2024-01-24,39471.37,22.600000381469727,0.008958896385026,0.0125448338025935,39878.3,2024-01-24 00:00:00+00:00,2024-01-23 23:00:00+00:00,0.008957281184447163,0.00891900355956373,0.008917402699630305,0.012466799317071462
2024-01-25,39801.6,22.760000228881836,0.0083663171559535,0.0070796391465239,40077.78,2024-01-25 00:00:00+00:00,2024-01-24 23:00:00+00:00,0.005002219252074225,0.008331513508739397,0.004989749719620108,0.007054696157018341
2024-01-26,41967.75,23.989999771118164,0.054423691509889,0.0540421586057582,39941.66,2024-01-26 00:00:00+00:00,2024-01-25 23:00:00+00:00,-0.003396395708544664,0.05299435369983915,-0.003402176553518661,0.052632447996434795
2024-01-29,43149.48,24.670000076293945,0.0281580499311973,0.028345156801312,42034.59,2024-01-29 00:00:00+00:00,2024-01-28 23:00:00+00:00,0.05239967492587927,0.027768900284669527,0.051072961295582774,0.02795086632296058
2024-01-30,43552.07,24.8799991607666,0.0093301240246694,0.0085123260568795,43306.18,2024-01-30 00:00:00+00:00,2024-01-29 23:00:00+00:00,0.030251038489967463,0.009286867269940005,0.02980249923430879,0.008476300505887083
2024-01-31,42524.73,24.299999237060547,-0.0235887754588931,-0.0233118948259717,42942.78,2024-01-31 00:00:00+00:00,2024-01-30 23:00:00+00:00,-0.008391412034033041,-0.02387144468640706,-0.008426818142624196,-0.023587915189915296
2024-02-01,43001.81,24.540000915527344,0.0112188836942643,0.009876612592677,42548.08,2024-02-01 00:00:00+00:00,2024-01-31 23:00:00+00:00,-0.009191300609788122,0.011156418775511729,-0.00923380123772278,0.009828157640500332
2024-02-02,42935.23,24.5,-0.0015483069201038,-0.0016300290967811,43078.81,2024-02-02 00:00:00+00:00,2024-02-01 23:00:00+00:00,0.012473653335238533,-0.0015495067859302746,0.012396498262699444,-0.0016313590396361444
2024-02-05,42376.3,24.190000534057617,-0.0130179808050405,-0.0126530394262197,42568.55,2024-02-05 00:00:00+00:00,2024-02-04 23:00:00+00:00,-0.011844802583915293,-0.01310345734888488,-0.011915511165474329,-0.012733770851126149
2024-02-06,43092.0,24.600000381469727,0.0168891573827822,0.0169491458602848,42657.67,2024-02-06 00:00:00+00:00,2024-02-05 23:00:00+00:00,0.0020935643802759696,0.016748121335829525,0.0020913759282799255,0.016807111745661307
2024-02-07,44129.57,25.219999313354492,0.0240780191218787,0.0252032082223783,43095.79,2024-02-07 00:00:00+00:00,2024-02-06 23:00:00+00:00,0.0102706031529618,0.023792714263673364,0.010218218881789374,0.024890844865327257
2024-02-08,45527.61,26.030000686645508,0.0316803449478433,0.0321174224958089,44343.61,2024-02-08 00:00:00+00:00,2024-02-07 23:00:00+00:00,0.028954568416079685,0.031188875811423426,0.028543304678074564,0.03161244207493541
2024-02-09,47559.63,27.149999618530273,0.0446326965109742,0.0430272340507225,45305.2,2024-02-09 00:00:00+00:00,2024-02-08 23:00:00+00:00,0.021684973325356127,0.0436653370385145,0.021453198985655404,0.04212728694401499
2024-02-12,50212.91,28.65999984741211,0.0557884912056718,0.0556169521214739,48316.3,2024-02-12 00:00:00+00:00,2024-02-11 23:00:00+00:00,0.06646256941808026,0.05428787280399308,0.06434716165896422,0.0541253847464602
2024-02-13,49446.55,28.219999313354492,-0.0152622104554386,-0.0153524262526242,49941.81,2024-02-13 00:00:00+00:00,2024-02-12 23:00:00+00:00,0.03364309767097229,-0.01537987675655091,0.03308954984001104,-0.015471494983161372
2024-02-14,51744.69,29.549999237060547,0.0464772567550213,0.0471296936948066,49725.36,2024-02-14 00:00:00+00:00,2024-02-13 23:00:00+00:00,-0.004334043960360967,0.04542952999219447,-0.004343463154205136,0.046052795940719954
2024-02-15,51717.95,29.520000457763672,-0.0005167680007359,-0.0010151871428561,51858.59,2024-02-15 00:00:00+00:00,2024-02-14 23:00:00+00:00,0.042900242451738846,-0.0005169015713379175,0.04200552662341796,-0.0010157027943417556
2024-02-16,51862.31,29.6200008392334,0.0027912939317973,0.0033875467452246,51934.29,2024-02-16 00:00:00+00:00,2024-02-15 23:00:00+00:00,0.0014597388783614829,0.0027874055050378923,0.0014586744952533488,0.003381821933816834
2024-02-20,52004.0,29.670000076293945,0.0027320418238216,0.001688022810395,51787.05,2024-02-20 00:00:00+00:00,2024-02-19 23:00:00+00:00,-0.0028351210731868415,0.0027283165810283857,-0.002839147641276141,0.0016865997011596566
2024-02-21,50943.5,29.079999923706055,-0.0203926621029151,-0.0198854112258427,52277.52,2024-02-21 00:00:00+00:00,2024-02-20 23:00:00+00:00,0.009470900543668614,-0.02060346322466134,0.009426332742281357,-0.020085786832417147
2024-02-22,52018.35,29.719999313354492,0.021098864428239,0.0220082321639454,51851.67,2024-02-22 00:00:00+00:00,2024-02-21 23:00:00+00:00,-0.008145948774922696,0.020879365472419194,-0.008179308302495752,0.021769546704008536
2024-02-23,51092.09,29.15999984741211,-0.0178064087000068,-0.0188425127483348,51258.7,2024-02-23 00:00:00+00:00,2024-02-22 23:00:00+00:00,-0.011435890107300284,-0.017966850240477658,-0.011501782740871078,-0.01902229483806245
2024-02-26,54476.71,31.1200008392334,0.0662454794861593,0.0672153978764589,51731.0,2024-02-26 00:00:00+00:00,2024-02-25 23:00:00+00:00,0.009214045615671074,0.06414358017693038,0.009171855261907457,0.06505282437016809
2024-02-27,57015.79,32.59000015258789,0.0466085415216888,0.0472364805177396,54533.48,2024-02-27 00:00:00+00:00,2024-02-26 23:00:00+00:00,0.05417409290367492,0.04555497613200175,0.05275761001242292,0.04615477125367177
2024-02-28,60402.13,34.45000076293945,0.0593930207754729,0.0570727401547392,57077.07,2024-02-28 00:00:00+00:00,2024-02-27 23:00:00+00:00,0.04664272296578176,0.057696122203505035,0.04558763484304699,0.055503522074433924
2024-02-29,61958.39,35.41999816894531,0.0257649854400829,0.0281566729905375,62518.9,2024-02-29 00:00:00+00:00,2024-02-28 23:00:00+00:00,0.09534178961884354,0.025438661485292238,0.09106645120217167,0.027767561053233438
2024-03-01,62990.39,35.9900016784668,0.0166563398435628,0.0160927029640909,61179.03,2024-03-01 00:00:00+00:00,2024-02-29 23:00:00+00:00,-0.021431439132806318,0.016519144368700712,-0.021664427286151297,0.015964588068786634
2024-03-04,67626.0,38.650001525878906,0.0735923368628135,0.0739094115964884,63154.49,2024-03-04 00:00:00+00:00,2024-03-03 23:00:00+00:00,0.0322898221825354,0.07101034941436417,0.0317794630806712,0.07130564578486209
2024-03-05,61896.61,35.31999969482422,-0.0847217046698015,-0.0861578706232395,68360.14,2024-03-05 00:00:00+00:00,2024-03-04 23:00:00+00:00,0.0824272351815365,-0.08852711204835625,0.07920595940335709,-0.0900974474173843
2024-03-06,67075.04,38.290000915527344,0.0836625786129481,0.0840883705086312,63800.78,2024-03-06 00:00:00+00:00,2024-03-05 23:00:00+00:00,-0.06669617704118225,0.08034658021924196,-0.06902449024522866,0.08073942230410557
2024-03-07,67729.69,38.630001068115234,0.0097599643623023,0.0088796068022556,66122.28,2024-03-07 00:00:00+00:00,2024-03-06 23:00:00+00:00,0.03638670248232079,0.009712643560556013,0.035740339135587475,0.008840414928525185
2024-03-08,69334.11,39.54999923706055,0.0236885773432595,0.0238156392313606,66938.21,2024-03-08 00:00:00+00:00,2024-03-07 23:00:00+00:00,0.012339713633589211,0.023412356674105708,0.012264199944217687,0.023536470595078973
2024-03-11,72033.99,41.119998931884766,0.038940140718616,0.0396965796488066,69032.12,2024-03-11 00:00:00+00:00,2024-03-10 23:00:00+00:00,0.031281236830204895,0.038201098059565286,0.030801948467605665,0.038928920248186075
2024-03-12,71428.46,40.72999954223633,-0.00840617047591,-0.0094844212008485,72110.98,2024-03-12 00:00:00+00:00,2024-03-11 23:00:00+00:00,0.04460039761201018,-0.008441701587447736,0.04363441765564862,-0.009529684750003582
2024-03-13,73517.19,41.95000076293945,0.0292422656179343,0.0299533816453398,71475.93,2024-03-13 00:00:00+00:00,2024-03-12 23:00:00+00:00,-0.008806564548145102,0.028822867059058788,-0.008845571518176049,0.029513540678750366
2024-03-14,69260.0,39.5099983215332,-0.0579074091379172,-0.058164538665798,73135.04,2024-03-14 00:00:00+00:00,2024-03-13 23:00:00+00:00,0.023212149880386335,-0.059651717450444564,0.022946845606431253,-0.059924689158868026
2024-03-15,68988.49,39.38999938964844,-0.003920155934161,-0.0030371788656686,71364.58,2024-03-15 00:00:00+00:00,2024-03-14 23:00:00+00:00,-0.02420809505265864,-0.003927859885820763,-0.024505927446102575,-0.003041800453497898
2024-03-18,66934.82,38.13999938964844,-0.0297682990307512,-0.031733943116752,68343.64,2024-03-18 00:00:00+00:00,2024-03-17 23:00:00+00:00,-0.042331083571149786,-0.03022036903027613,-0.04325315946155138,-0.032248377318377444
2024-03-19,64378.05,36.70000076293945,-0.0381979065604419,-0.0377556017239951,67613.04,2024-03-19 00:00:00+00:00,2024-03-18 23:00:00+00:00,-0.01069009493787576,-0.03894657355583434,-0.010747644510496932,-0.0384868083202825
2024-03-20,65782.98,37.54999923706055,0.0218231213899766,0.0231607208842197,61906.27,2024-03-20 00:00:00+00:00,2024-03-19 23:00:00+00:00,-0.08440339319160917,0.021588405756001215,-0.08817939688657461,0.022896582043116686
2024-03-21,65220.34,37.150001525878906,-0.0085529722125692,-0.0106524026447077,67858.8,2024-03-21 00:00:00+00:00,2024-03-20 23:00:00+00:00,0.09615391138894336,-0.00858975878595281,0.09180760876584128,-0.010709545654958288
2024-03-22,63872.85,36.40999984741211,-0.0206605791996791,-0.0199192906614366,65484.7,2024-03-22 00:00:00+00:00,2024-03-21 23:00:00+00:00,-0.03498588245002865,-0.020876995006211745,-0.03561254816469993,-0.020120354240705338
2024-03-25,71071.7,40.54999923706055,0.1127059462666844,0.1137050098049559,67204.93,2024-03-25 00:00:00+00:00,2024-03-24 23:00:00+00:00,0.02626918959695912,0.10679483816533733,0.02593008036433096,0.1076923037501203
2024-03-26,69445.99,39.630001068115234,-0.0228742241989426,-0.0226879947288503,69890.28,2024-03-26 00:00:00+00:00,2024-03-25 23:00:00+00:00,0.039957634060477476,-0.02313989847899773,0.03917997584321823,-0.02294932759210683
2024-03-27,68591.46,39.130001068115234,-0.0123049581408516,-0.0126167041767324,69992.4,2024-03-27 00:00:00+00:00,2024-03-26 23:00:00+00:00,0.0014611473870185243,-0.012381290966097679,0.001460080949863414,-0.012696970635629665
2024-03-28,70840.97,40.470001220703125,0.032795773701274,0.0342448279072442,69435.96,2024-03-28 00:00:00+00:00,2024-03-27 23:00:00+00:00,-0.007950006000651322,0.032269468463373606,-0.007981775790396526,0.03367152553203249
2024-04-01,69709.52,39.75,-0.01597168982864,-0.0177909858904278,71288.9,2024-04-01 00:00:00+00:00,2024-03-31 23:00:00+00:00,0.02668559633941814,-0.01610061184439697,0.026335746140335452,-0.017951147950593854
2024-04-02,65963.45,37.599998474121094,-0.0537382842400866,-0.0540880887013561,69681.82,2024-04-02 00:00:00+00:00,2024-04-01 23:00:00+00:00,-0.022543200975186695,-0.0552360930549054,-0.022801183470295385,-0.05560583128637875
2024-04-03,65826.87,37.540000915527344,-0.0020705405796694,-0.0015956798145895,65464.14,2024-04-03 00:00:00+00:00,2024-04-02 23:00:00+00:00,-0.060527695746179,-0.0020726871123159653,-0.0624369398033502,-0.0015969542675512097
2024-04-04,68540.79,39.08000183105469,0.0412281489306722,0.0410229322847557,65987.92,2024-04-04 00:00:00+00:00,2024-04-03 23:00:00+00:00,0.008001021628024185,0.040400928857995476,0.007969183168528526,0.04020381848217932
2024-04-05,67368.16,38.40999984741211,-0.0171084984576336,-0.0171443693001611,68525.23,2024-04-05 00:00:00+00:00,2024-04-04 23:00:00+00:00,0.03845112863081601,-0.017256539756459466,0.03773030365116715,-0.017293035643385274
2024-04-08,71747.65,40.95000076293945,0.0650083065946878,0.0661286364388902,69350.34,2024-04-08 00:00:00+00:00,2024-04-07 23:00:00+00:00,0.012040966517004037,0.06298259875039675,0.011969050793978137,0.06403399054487337
2024-04-09,68949.18,39.33000183105469,-0.0390043436962743,-0.0395604127399894,71622.53,2024-04-09 00:00:00+00:00,2024-04-08 23:00:00+00:00,0.03276393453874915,-0.0397853899973712,0.03223863985803199,-0.040364195930178044
2024-04-10,70087.49,40.0,0.0165094059131669,0.0170352946288521,69117.01,2024-04-10 00:00:00+00:00,2024-04-09 23:00:00+00:00,-0.03498228839444806,0.01637460727824624,-0.03560882381619303,0.016891821114035897
2024-04-11,70490.11,40.16999816894531,0.005744534438314,0.0042499542236327,70634.04,2024-04-11 00:00:00+00:00,2024-04-10 23:00:00+00:00,0.02194872145076876,0.005728097518616299,0.021711315817014326,0.004240948674612437
2024-04-12,66855.72,38.13999938964844,-0.0515588640732721,-0.0505351972076072,70020.73,2024-04-12 00:00:00+00:00,2024-04-11 23:00:00+00:00,-0.008682923983960089,-0.052935551705017535,-0.00872084021044264,-0.05185681861920098
2024-04-15,63310.19,36.08000183105469,-0.0530325602655987,-0.0540114732973187,65777.05,2024-04-15 00:00:00+00:00,2024-04-14 23:00:00+00:00,-0.06060605195061508,-0.05449056892738291,-0.06252034776747267,-0.05552483822507337
2024-04-16,62738.31,35.75,-0.0090329850534329,-0.0091463917490893,63452.18,2024-04-16 00:00:00+00:00,2024-04-15 23:00:00+00:00,-0.03534469849286348,-0.009074029821061834,-0.03598444196518899,-0.009188476804257738
2024-04-17,60992.15,34.7599983215332,-0.027832436034697,-0.0276923546424279,63814.94,2024-04-17 00:00:00+00:00,2024-04-16 23:00:00+00:00,0.005717061257785039,-0.028227098468498062,0.005700780884195365,-0.028083017030133734
2024-04-18,63550.01,36.209999084472656,0.0419375280261475,0.0417146384624882,61279.36,2024-04-18 00:00:00+00:00,2024-04-17 23:00:00+00:00,-0.03973332890385861,0.04108198762422047,-0.040544250702826426,0.04086804638384049
2024-04-19,64350.0,36.66999816894531,0.0125883536446336,0.0127036480558739,63513.85,2024-04-19 00:00:00+00:00,2024-04-18 23:00:00+00:00,0.03646399048554039,0.012509779050272767,0.035814910838718454,0.012623633656194386
2024-04-22,66570.09,37.93000030517578,0.034500233100233,0.0343605726519378,64952.92,2024-04-22 00:00:00+00:00,2024-04-21 23:00:00+00:00,0.022657577835385467,0.03391844352990516,0.022404707413494516,0.0337834315966527
2024-04-23,66496.47,37.900001525878906,-0.0011059020650264,-0.0007908984723309,66859.17,2024-04-23 00:00:00+00:00,2024-04-22 23:00:00+00:00,0.029348180189589623,-0.001106514025936018,0.028925767149714975,-0.000791211397533293
2024-04-24,63880.73,36.40999984741211,-0.0393365241794038,-0.0393140268727797,66414.16,2024-04-24 00:00:00+00:00,2024-04-23 23:00:00+00:00,-0.006655930667401222,-0.04013111258769434,-0.006678180156251402,-0.040107694352518625
2024-04-25,64719.99,36.86000061035156,0.0131379212479254,0.0123592629724067,64255.78,2024-04-25 00:00:00+00:00,2024-04-24 23:00:00+00:00,-0.03249879242619347,0.013052367280070792,-0.03303860594067778,0.012283510803801282
2024-04-26,63716.71,36.31999969482422,-0.0155018565361335,-0.0146500517250586,64484.44,2024-04-26 00:00:00+00:00,2024-04-25 23:00:00+00:00,0.0035585903711696787,-0.015623266670233673,0.003552273569957781,-0.014758423469643933
2024-04-29,62958.54,35.869998931884766,-0.0118990763961289,-0.0123898889515569,63108.94,2024-04-29 00:00:00+00:00,2024-04-28 23:00:00+00:00,-0.021330727226599122,-0.011970437054532991,-0.021561515003785746,-0.01246728356388196
2024-04-30,59098.16,33.56999969482422,-0.0613162249315183,-0.064120415543589,63844.85,2024-04-30 00:00:00+00:00,2024-04-29 23:00:00+00:00,0.011660946927646076,-0.06327662425806767,0.01159348204909517,-0.06626845986557939
2024-05-01,56873.82,32.38999938964844,-0.0376380584437824,-0.0351504413435461,60622.1,2024-05-01 00:00:00+00:00,2024-04-30 23:00:00+00:00,-0.050477838071512404,-0.038364660452506964,-0.05179640837186607,-0.03578308756180369
2024-05-02,59369.11,33.79999923706055,0.0438741410371239,0.0435319504162365,58265.59,2024-05-02 00:00:00+00:00,2024-05-01 23:00:00+00:00,-0.03887212749145941,0.04293892763101986,-0.03964781694023767,0.0426110655773891
2024-05-03,62074.92,35.400001525878906,0.0455760579870574,0.0473373468915352,59071.89,2024-05-03 00:00:00+00:00,2024-05-02 23:00:00+00:00,0.013838356395258433,0.044567985195647426,0.013743480622578094,0.04625108332685213
2024-05-06,63207.17,36.0099983215332,0.0182400557262094,0.0172315471570916,64023.45,2024-05-06 00:00:00+00:00,2024-05-05 23:00:00+00:00,0.08382261004345715,0.018075701455200068,0.08049424575498572,0.017084767806000916
2024-05-07,63055.82,35.93000030517578,-0.0023945068257287,-0.0022215501273595,63162.24,2024-05-07 00:00:00+00:00,2024-05-06 23:00:00+00:00,-0.01345147754455589,-0.002397378241864136,-0.013542768256254627,-0.0022240214306048544
2024-05-08,62152.84,35.380001068115234,-0.0143203276081415,-0.0153075210795731,62315.76,2024-05-08 00:00:00+00:00,2024-05-07 23:00:00+00:00,-0.013401677964555936,-0.014423853033425652,-0.013492290938613956,-0.01542589069760585
2024-05-09,62436.57,35.58000183105469,0.0045650367706449,0.0056529326427774,61169.53,2024-05-09 00:00:00+00:00,2024-05-08 23:00:00+00:00,-0.018393902280899765,0.004554648593229735,-0.018565173584456626,0.005637014779278025
2024-05-10,60652.05,34.58000183105469,-0.0285813266167567,-0.0281056759004207,63073.57,2024-05-10 00:00:00+00:00,2024-05-09 23:00:00+00:00,0.03112726221698936,-0.028997726089470564,0.03065263312724245,-0.028508200494313636
2024-05-13,63173.21,36.0,0.0415675974678513,0.0410641438332741,61453.02,2024-05-13 00:00:00+00:00,2024-05-12 23:00:00+00:00,-0.02569301214438957,0.040726883566489035,-0.026028842395908247,0.04024340524970362
2024-05-14,61553.38,35.06999969482422,-0.0256410905825428,-0.0258333418104383,62932.37,2024-05-14 00:00:00+00:00,2024-05-13 23:00:00+00:00,0.024072860861842127,-0.025975553053767357,0.02378767727144092,-0.026172883005927558
2024-05-15,66065.41,37.66999816894531,0.0733027170888098,0.0741373965425158,61539.84,2024-05-15 00:00:00+00:00,2024-05-14 23:00:00+00:00,-0.02212740438664562,0.07074054602995797,-0.022375887767230138,0.07151791764599623
2024-05-16,65181.38,37.150001525878906,-0.0133811324261819,-0.0138039996905304,66244.69,2024-05-16 00:00:00+00:00,2024-05-15 23:00:00+00:00,0.07645209997296076,-0.013471466532174693,0.07367054075516269,-0.013900160858954947
2024-05-17,67099.6,38.279998779296875,0.0294289565517025,0.0304171522746992,65252.18,2024-05-17 00:00:00+00:00,2024-05-16 23:00:00+00:00,-0.014982483879085295,0.02900423738402329,-0.015095855104288623,0.029963722458732828
2024-05-20,70068.07,39.970001220703125,0.0442397570179255,0.0441484455407104,66261.62,2024-05-20 00:00:00+00:00,2024-05-19 23:00:00+00:00,0.015469827981225981,0.043289115410411146,0.015351390106238587,0.043201668567758506
2024-05-21,69284.85,39.470001220703125,-0.0111779873485883,-0.0125093816544847,71432.17,2024-05-21 00:00:00+00:00,2024-05-20 23:00:00+00:00,0.078032351155918,-0.011240930540854087,0.0751374823852219,-0.012588282661594142
2024-05-22,69638.33,39.709999084472656,0.0051018368373461,0.0060805132086909,70142.84,2024-05-22 00:00:00+00:00,2024-05-21 23:00:00+00:00,-0.018049710655577145,0.005088866563896558,-0.01821459375785676,0.006062101485704136
2024-05-23,67113.45,38.27000045776367,-0.0362570440732855,-0.0362628723220507,69109.93,2024-05-23 00:00:00+00:00,2024-05-22 23:00:00+00:00,-0.014725808079627312,-0.03693066315676729,-0.014835309115222699,-0.03693671068879084
2024-05-24,69135.52,39.459999084472656,0.0301291320890224,0.0310948161085682,67940.45,2024-05-24 00:00:00+00:00,2024-05-23 23:00:00+00:00,-0.016922025532365548,0.02968416534347834,-0.017066839022950888,0.03062116599403229
2024-05-28,68345.52,38.97999954223633,-0.0114268324010581,-0.0121642056100605,69368.72,2024-05-28 00:00:00+00:00,2024-05-27 23:00:00+00:00,0.02102238062891848,-0.011492620295404763,0.020804459244846807,-0.012238795057204195
2024-05-29,67192.68,38.31999969482422,-0.0168678210364046,-0.0169317561611814,68321.98,2024-05-29 00:00:00+00:00,2024-05-28 23:00:00+00:00,-0.015089510084660751,-0.017011703008237428,-0.01520451512166267,-0.017076737197079965
2024-05-30,68679.87,39.15999984741211,0.0221332145108663,0.0219206722149674,67569.45,2024-05-30 00:00:00+00:00,2024-05-29 23:00:00+00:00,-0.011014464159264659,0.021891830166613318,-0.011075572501017561,0.021683868627003024
2024-05-31,67578.13,38.54999923706055,-0.016041672763795,-0.0155771351564976,68338.58,2024-05-31 00:00:00+00:00,2024-05-30 23:00:00+00:00,0.011382806875000595,-0.016171733196396313,0.011318510186647633,-0.01569973354735379
2024-06-03,69204.53,39.439998626708984,0.0240669577568954,0.0230868847538867,67735.52,2024-06-03 00:00:00+00:00,2024-06-02 23:00:00+00:00,-0.008824590736301485,0.0237819129140538,-0.008863758030948314,0.022824414696250586
2024-06-04,70439.73,40.16999816894531,0.0178485425737302,0.0185091168269455,68791.0,2024-06-04 00:00:00+00:00,2024-06-03 23:00:00+00:00,0.015582370962827108,0.017691127662457055,0.01546221244923383,0.018339907873866707
2024-06-05,71300.39,40.66999816894531,0.0122183886849083,0.0124471003931123,70542.32,2024-06-05 00:00:00+00:00,2024-06-04 23:00:00+00:00,0.02545856289340187,0.012144346679757473,0.025139890979064928,0.012370272108338787
2024-06-06,70472.0,40.15999984741211,-0.0116183095211681,-0.0125399150355168,71121.11,2024-06-06 00:00:00+00:00,2024-06-05 23:00:00+00:00,0.00820486198922854,-0.011686329443518485,0.008171385099943545,-0.012619203312913036
2024-06-07,69206.35,39.41999816894531,-0.017959615166307,-0.0184263366852199,70773.64,2024-06-07 00:00:00+00:00,2024-06-06 23:00:00+00:00,-0.004885609912443689,-0.018122846388057275,-0.004897583519386445,-0.018598216309292058
2024-06-10,69492.41,39.59000015258789,0.0041334357324147,0.0043125822308258,69637.87,2024-06-10 00:00:00+00:00,2024-06-09 23:00:00+00:00,-0.016047924057601137,0.004124916554518829,-0.01617808642649863,0.004303309697559715
2024-06-11,67400.44,38.43000030517578,-0.0301035753400983,-0.0293003243986167,69497.73,2024-06-11 00:00:00+00:00,2024-06-10 23:00:00+00:00,-0.002012410775918294,-0.030565991887092206,-0.002014438395209099,-0.029738152454407602
2024-06-12,67520.0,38.45000076293945,0.0017738756601588,0.0005204386574251,67316.53,2024-06-12 00:00:00+00:00,2024-06-11 23:00:00+00:00,-0.031385197761135464,0.001772304200837842,-0.0318882670330774,0.0005203032761967683
2024-06-13,66570.39,37.900001525878906,-0.0140641291469194,-0.0143042711611769,68248.6,2024-06-13 00:00:00+00:00,2024-06-12 23:00:00+00:00,0.013846079113109422,-0.014163966197432888,0.013751097900410666,-0.01440756344499425
2024-06-14,65470.55,37.29999923706055,-0.0165214594656872,-0.0158311943182551,66738.85,2024-06-14 00:00:00+00:00,2024-06-13 23:00:00+00:00,-0.022121332891810286,-0.016659460878298286,-0.022369678905243356,-0.01595784615340814
2024-06-17,66657.94,37.97999954223633,0.0181362459915184,0.0182305715572279,66628.75,2024-06-17 00:00:00+00:00,2024-06-16 23:00:00+00:00,-0.001649713772412964,0.017973746099803917,-0.0016510760486284524,0.01806638713575494
2024-06-18,64366.1,36.63999938964844,-0.0343821006169707,-0.0352817316676825,66481.81,2024-06-18 00:00:00+00:00,2024-06-17 23:00:00+00:00,-0.0022053542952554794,-0.034987072312806275,-0.002207789670274598,-0.035919170183521
2024-06-20,65010.87,37.040000915527344,0.0100172295664955,0.0109170723947096,64943.79,2024-06-20 00:00:00+00:00,2024-06-19 23:00:00+00:00,-0.023134448355121462,0.009967389684393644,-0.023406249873768076,0.010857911347376573
2024-06-21,64193.28,36.58000183105469,-0.0125762045639444,-0.0124189814552575,64840.88,2024-06-21 00:00:00+00:00,2024-06-20 23:00:00+00:00,-0.0015846010834908997,-0.012655954363232335,-0.001585857891656324,-0.01249674147635116
2024-06-24,59270.63,33.76499938964844,-0.07668481809934,-0.0769546829004378,63171.43,2024-06-24 00:00:00+00:00,2024-06-23 23:00:00+00:00,-0.02574687450262858,-0.07978462725343818,-0.026084126662360815,-0.08007694806853971
2024-06-25,61960.58,35.29999923706055,0.0453841978733819,0.0454612727723817,60263.0,2024-06-25 00:00:00+00:00,2024-06-24 23:00:00+00:00,-0.04604027485209694,0.044384471316150045,-0.04713382525110323,0.04445819737588691
2024-06-26,60931.9,34.709999084472656,-0.0166021686691764,-0.0167138857036706,61789.71,2024-06-26 00:00:00+00:00,2024-06-25 23:00:00+00:00,0.025334118779350545,-0.01674152928350048,0.02501852901467313,-0.016855138829012618
2024-06-27,61362.12,34.97999954223633,0.0070606693702313,0.0077787515092286,60816.68,2024-06-27 00:00:00+00:00,2024-06-26 23:00:00+00:00,-0.015747444032347735,0.007035859558383158,-0.01587275229333357,0.007748653006793264
2024-06-28,59952.11,34.13999938964844,-0.0229785085652191,-0.0240137268033305,61615.39,2024-06-28 00:00:00+00:00,2024-06-27 23:00:00+00:00,0.01313307467622371,-0.023246629806901092,0.013047583545109868,-0.024306757015623206
2024-07-01,63163.74,36.0,0.0535699243946543,0.0544815654248527,62668.26,2024-07-01 00:00:00+00:00,2024-06-30 23:00:00+00:00,0.017087776284464118,0.052184325476341636,0.016943422372950954,0.05304923896771728
2024-07-02,61832.3,35.220001220703125,-0.021079182454997,-0.0216666327582465,62830.13,2024-07-02 00:00:00+00:00,2024-07-01 23:00:00+00:00,0.0025829662416030352,-0.02130452067772068,0.0025796361174666056,-0.021904800728677308
2024-07-03,60427.14,34.439998626708984,-0.0227253393452937,-0.0221465805496803,62040.22,2024-07-03 00:00:00+00:00,2024-07-02 23:00:00+00:00,-0.012572152882701304,-0.022987539882305077,-0.01265185108665613,-0.022395498042787777
2024-07-05,56463.55,32.20000076293945,-0.0655928776374323,-0.0650405909723923,57042.14,2024-07-05 00:00:00+00:00,2024-07-04 23:00:00+00:00,-0.08056193224330932,-0.0678430445457782,-0.0839925914675092,-0.06725216344051083
2024-07-08,56475.05,32.15999984741211,0.0002036712179804,-0.0012422644279369,55854.09,2024-07-08 00:00:00+00:00,2024-07-07 23:00:00+00:00,-0.020827584659341425,0.00020365047981376388,-0.021047538228862014,-0.0012430366780168702
2024-07-09,57858.29,32.959999084472656,0.0244929398026207,0.0248755982853314,56699.43,2024-07-09 00:00:00+00:00,2024-07-08 23:00:00+00:00,0.015134791382332091,0.024197797313990164,0.015021403068152249,0.02457123769823141
2024-07-10,57384.25,32.66999816894531,-0.0081931215042823,-0.0087985717106394,58047.86,2024-07-10 00:00:00+00:00,2024-07-09 23:00:00+00:00,0.023782073294211337,-0.008226869585436527,0.023503684919507065,-0.008837507698346944
2024-07-11,57386.03,32.70000076293945,3.1018964262718995e-05,0.0009183530968992,57712.59,2024-07-11 00:00:00+00:00,2024-07-10 23:00:00+00:00,-0.005775751250778338,3.101848318459537e-05,-0.005792495406547324,0.00091793166868749
2024-07-12,57611.34,32.849998474121094,0.0039262168858866,0.0045870858618339,57340.77,2024-07-12 00:00:00+00:00,2024-07-11 23:00:00+00:00,-0.006442615034258581,0.0039185294115936286,-0.006463458249937677,0.004576597246038638
2024-07-15,63426.27,36.150001525878906,0.1009337744964793,0.1004567185705509,60808.42,2024-07-15 00:00:00+00:00,2024-07-14 23:00:00+00:00,0.06047442334659969,0.09615870561034928,0.05871637718966442,0.09572529233369653
2024-07-16,65208.43,37.16999816894531,0.028098136623831,0.0282156735826475,64757.16,2024-07-16 00:00:00+00:00,2024-07-15 23:00:00+00:00,0.06493738860506504,0.027710626118468924,0.06291600739099372,0.027824944233107902
2024-07-17,64602.85,36.84000015258789,-0.0092868360731886,-0.0088780745927807,65088.99,2024-07-17 00:00:00+00:00,2024-07-16 23:00:00+00:00,0.00512422101278065,-0.009330227590863972,0.005111136870609632,-0.008917719518518144
2024-07-18,63547.89,36.220001220703125,-0.0163299297167229,-0.0168295040531157,64085.81,2024-07-18 00:00:00+00:00,2024-07-17 23:00:00+00:00,-0.01541243764882505,-0.016464732581192233,-0.015532443922289377,-0.01697272937128663
2024-07-19,67207.36,38.400001525878906,0.0575860189850521,0.0601877479763779,63982.86,2024-07-19 00:00:00+00:00,2024-07-18 23:00:00+00:00,-0.0016064398655489809,0.05598897046006524,-0.0016077315736227065,0.058446013172382814
2024-07-22,68276.66,38.93000030517578,0.0159104598067831,0.0138020509957452,68181.28,2024-07-22 00:00:00+00:00,2024-07-21 23:00:00+00:00,0.06561788579003802,0.015785215161169822,0.06355480537599945,0.013707670131344342
2024-07-23,65525.0,37.34000015258789,-0.0403016199093512,-0.0408425414878945,67558.22,2024-07-23 00:00:00+00:00,2024-07-22 23:00:00+00:00,-0.009138285464866613,-0.041136231293032864,-0.009180295725845916,-0.04170002726143204
2024-07-24,65651.94,37.41999816894531,0.0019372758489126,0.0021424214255627,65939.24,2024-07-24 00:00:00+00:00,2024-07-23 23:00:00+00:00,-0.023964219305955603,0.0019354017500958554,-0.024256032693849367,0.002140129713405504
2024-07-25,64663.15,36.83000183105469,-0.0150610933964784,-0.0157668724414919,65366.4,2024-07-25 00:00:00+00:00,2024-07-24 23:00:00+00:00,-0.008687391604756178,-0.015175663486370642,-0.008725346973184289,-0.015892491740064105
2024-07-26,68008.63,38.790000915527344,0.0517370403390493,0.0532174582413407,65795.42,2024-07-26 00:00:00+00:00,2024-07-25 23:00:00+00:00,0.006563310814118539,0.050443121415000694,0.006541866070898549,0.0518497248806602
2024-07-29,67297.37,38.34000015258789,-0.0104583785910701,-0.0116009474688958,68244.3,2024-07-29 00:00:00+00:00,2024-07-28 23:00:00+00:00,0.037219611942594266,-0.010513451752965574,0.036543683048338285,-0.011668763456664193
2024-07-30,65891.91,37.54999923706055,-0.0208843228197475,-0.0206051359515714,66771.45,2024-07-30 00:00:00+00:00,2024-07-29 23:00:00+00:00,-0.021582022234824083,-0.021105484922853208,-0.021818320120202357,-0.020820383705177848
2024-07-31,65222.44,37.18000030517578,-0.0101601243612455,-0.0098535003835523,66169.68,2024-07-31 00:00:00+00:00,2024-07-30 23:00:00+00:00,-0.00901238478421551,-0.010212090714149507,-0.009053241989791934,-0.009902367390821228
2024-08-01,63346.4,36.06999969482422,-0.0287637199712246,-0.0298547767950674,64609.62,2024-08-01 00:00:00+00:00,2024-07-31 23:00:00+00:00,-0.0235766592795974,-0.029185503496553064,-0.023859035873585493,-0.03030950404656705
2024-08-02,62553.57,35.61000061035156,-0.0125157862167384,-0.0127529550419891,65288.18,2024-08-02 00:00:00+00:00,2024-08-01 23:00:00+00:00,0.010502460779060474,-0.012594768376905022,0.010447693067935703,-0.012834972025215354
2024-08-05,53469.64,30.479999542236328,-0.1452184103960813,-0.1440606846444136,58130.95,2024-08-05 00:00:00+00:00,2024-08-04 23:00:00+00:00,-0.1096252032144257,-0.15690929343412932,-0.11611278491829433,-0.15555579862962624
2024-08-06,56787.45,32.34000015258789,0.0620503523120783,0.0610236429883848,54029.12,2024-08-06 00:00:00+00:00,2024-08-05 23:00:00+00:00,-0.07056189516944067,0.060201334419037064,-0.07317506378440809,0.0592341430672488
2024-08-07,54755.89,31.190000534057617,-0.0357748058770027,-0.0355596664534415,56048.08,2024-08-07 00:00:00+00:00,2024-08-06 23:00:00+00:00,0.03736799710970673,-0.03643040779069472,0.03668673332658929,-0.036207311124769964
2024-08-08,59461.06,33.880001068115234,0.0859299337477665,0.0862456071817086,55148.1,2024-08-08 00:00:00+00:00,2024-08-07 23:00:00+00:00,-0.01605728510236215,0.0824367017027305,-0.016187600191974974,0.08272735356784564
2024-08-09,60704.82,34.599998474121094,0.0209172187646839,0.021251398562778,61705.58,2024-08-09 00:00:00+00:00,2024-08-08 23:00:00+00:00,0.11890672570768546,0.02070145731045199,0.1123520708132807,0.021028736652854423
2024-08-12,59055.01,33.63999938964844,-0.0271775783207989,-0.0277456395031544,58722.49,2024-08-12 00:00:00+00:00,2024-08-11 23:00:00+00:00,-0.048343926108465496,-0.027553719434696995,-0.04955157638404378,-0.028137821002009608
2024-08-13,60833.19,34.63999938964844,0.0301105697890831,0.0297265165916653,59358.78,2024-08-13 00:00:00+00:00,2024-08-12 23:00:00+00:00,0.010835541885229949,0.029666145789808997,0.010777258047909554,0.029293249113263743
2024-08-14,58901.63,33.560001373291016,-0.0317517460452099,-0.0311777723841462,60603.19,2024-08-14 00:00:00+00:00,2024-08-13 23:00:00+00:00,0.020964211191672133,-0.03226676388888585,0.02074748586657382,-0.03167414355490961
2024-08-15,57036.01,32.5,-0.0316734867948474,-0.0315852601285835,58690.62,2024-08-15 00:00:00+00:00,2024-08-14 23:00:00+00:00,-0.03155889978728843,-0.032185941550670845,-0.03206761345916528,-0.03209483318378411
2024-08-16,59710.88,34.029998779296875,0.0468979158955893,0.0470768855168268,57543.61,2024-08-16 00:00:00+00:00,2024-08-15 23:00:00+00:00,-0.01954332736645148,0.045831425602428,-0.01973682337508573,0.04600236330574
2024-08-19,58979.76,33.619998931884766,-0.0122443347008115,-0.0120481887193467,58437.9,2024-08-19 00:00:00+00:00,2024-08-18 23:00:00+00:00,0.015541082667562822,-0.012319914147289241,0.01542155682567124,-0.012121356431195811
2024-08-20,59517.0,33.91999816894531,0.0091088875234486,0.0089232375547767,59452.67,2024-08-20 00:00:00+00:00,2024-08-19 23:00:00+00:00,0.017364929266794338,0.009067651825885406,0.01721588187352179,0.008883660731899815
2024-08-21,61610.76,35.130001068115234,0.035179192499622,0.0356722572077763,59017.59,2024-08-21 00:00:00+00:00,2024-08-20 23:00:00+00:00,-0.007318090171560043,0.03457454458144662,-0.007344998753432235,0.03505073974024593
2024-08-22,60314.46,34.349998474121094,-0.0210401559727554,-0.0222033182544388,61163.28,2024-08-22 00:00:00+00:00,2024-08-21 23:00:00+00:00,0.03635678786612595,-0.021264654629689475,0.03571147438089283,-0.02245352243553552
2024-08-23,63649.84,36.279998779296875,0.0552998402041566,0.0561863287018722,60383.29,2024-08-23 00:00:00+00:00,2024-08-22 23:00:00+00:00,-0.01275258619223818,0.05382493527270011,-0.012834598410846039,0.05466461735336552
2024-08-26,63369.76,36.09000015258789,-0.0044003252796863,-0.0052370075276134,64251.93,2024-08-26 00:00:00+00:00,2024-08-25 23:00:00+00:00,0.06406805591414444,-0.004410035205995719,0.06209935119927405,-0.005250768717532156
2024-08-27,62109.68,35.380001068115234,-0.0198845632364711,-0.0196730141720917,62840.0,2024-08-27 00:00:00+00:00,2024-08-26 23:00:00+00:00,-0.02197490410015701,-0.0200849216386791,-0.022219948847255592,-0.01986910396123786
2024-08-28,58904.42,33.52000045776367,-0.0516064484634279,-0.0525720902826034,59439.64,2024-08-28 00:00:00+00:00,2024-08-27 23:00:00+00:00,-0.05411139401654996,-0.052985724121707635,-0.05563046952384836,-0.05400442965112551
2024-08-29,59253.71,33.689998626708984,0.005929775728205,0.0050715443503503,59045.88,2024-08-29 00:00:00+00:00,2024-08-28 23:00:00+00:00,-0.006624535411048904,0.0059122638018744445,-0.006646575034522961,0.0050587273855734385
2024-08-30,58674.49,33.369998931884766,-0.0097752528913379,-0.0094983587969198,59364.47,2024-08-30 00:00:00+00:00,2024-08-29 23:00:00+00:00,0.005395634716596653,-0.009823344336548424,0.005381130429431063,-0.009543755900855547
2024-09-03,58017.88,32.97999954223633,-0.0111907236006653,-0.0116871262251014,59139.83,2024-09-03 00:00:00+00:00,2024-09-02 23:00:00+00:00,-0.003784081623233515,-0.011253810850897394,-0.003791259373282093,-0.011755957503620032
2024-09-04,58043.49,33.040000915527344,0.000441415646349,0.0018193260801648,57468.84,2024-09-04 00:00:00+00:00,2024-09-03 23:00:00+00:00,-0.028254900293085083,0.00044131825112274,-0.02866175201331426,0.0018176731110281443
2024-09-05,56035.77,31.850000381469727,-0.0345899255885544,-0.0360169643184957,57971.0,2024-09-05 00:00:00+00:00,2024-09-04 23:00:00+00:00,0.008737952601792554,-0.035202320331174125,0.008699997632853281,-0.0366815823671985
2024-09-06,53478.7,30.40999984741211,-0.0456328163242871,-0.04521194715261,56156.82,2024-09-06 00:00:00+00:00,2024-09-05 23:00:00+00:00,-0.0312946128236532,-0.046706793035482655,-0.031794751322000624,-0.04626589732365847
2024-09-09,57101.12,32.5099983215332,0.067735752738941,0.069056181672418,54881.11,2024-09-09 00:00:00+00:00,2024-09-08 23:00:00+00:00,-0.02271692022447136,0.0655402873949179,-0.02297892502212644,0.06677618601498106
2024-09-10,57960.57,33.0,0.0150513685195665,0.0150723378580504,57053.9,2024-09-10 00:00:00+00:00,2024-09-09 23:00:00+00:00,0.03959085375642002,0.014939220592022563,0.03882722589772811,0.014959878779913975
2024-09-11,57604.58,32.79999923706055,-0.0061419340769077,-0.0060606291799834,57645.59,2024-09-11 00:00:00+00:00,2024-09-10 23:00:00+00:00,0.010370719617764923,-0.006160873342981791,0.01031731263361641,-0.006079069336731612
2024-09-12,58407.05,33.25,0.0139306631521314,0.0137195357745922,57352.79,2024-09-12 00:00:00+00:00,2024-09-11 23:00:00+00:00,-0.005079313092293702,0.013834523296617328,-0.005092256651233171,0.01362627497211451
2024-09-13,59760.46,34.040000915527344,0.023172031458531,0.0237594260308975,58137.54,2024-09-13 00:00:00+00:00,2024-09-12 23:00:00+00:00,0.013682856579427138,0.02290763652513925,0.013590091533338393,0.023481563498942752
2024-09-16,57936.06,32.97999954223633,-0.0305285468016812,-0.0311398749935842,59122.33,2024-09-16 00:00:00+00:00,2024-09-15 23:00:00+00:00,0.01693896920991156,-0.031004249603162327,0.01679710465599107,-0.03163502734939175
2024-09-17,59975.42,34.099998474121094,0.0352001844792344,0.0339599438274831,58208.75,2024-09-17 00:00:00+00:00,2024-09-16 23:00:00+00:00,-0.015452367996998784,0.03459482297085341,-0.015573000150519609,0.033396036290873905
2024-09-18,60061.01,34.150001525878906,0.0014270846290029,0.0014663652198037,60312.6,2024-09-18 00:00:00+00:00,2024-09-17 23:00:00+00:00,0.03614319153048284,0.0014260673114842633,0.03550535004938712,0.001465291156176269
2024-09-19,63266.78,36.0099983215332,0.0533752262907332,0.054465496707073,61769.18,2024-09-19 00:00:00+00:00,2024-09-18 23:00:00+00:00,0.024150509180502988,0.05199950993483407,0.023863497438160776,0.05303400035118817
2024-09-20,62806.9,35.79999923706055,-0.007268901625782,-0.0058316882605096,62960.14,2024-09-20 00:00:00+00:00,2024-09-19 23:00:00+00:00,0.0192808128584514,-0.0072954488153742095,0.019097293173649926,-0.005848758954156138
2024-09-23,63297.31,36.040000915527344,0.0078082185237609,0.0067039576419416,63577.66,2024-09-23 00:00:00+00:00,2024-09-22 23:00:00+00:00,0.0098081103377472,0.007777892146530144,0.009760323038219733,0.006681586047729816
2024-09-24,64300.87,36.63999938964844,0.0158547021982451,0.0166481259400466,63338.87,2024-09-24 00:00:00+00:00,2024-09-23 23:00:00+00:00,-0.003755879030464482,0.015730329282038973,-0.0037629500549379523,0.016511065004636442
2024-09-25,63167.39,35.970001220703125,-0.0176277552698743,-0.0182859765312823,64272.93,2024-09-25 00:00:00+00:00,2024-09-24 23:00:00+00:00,0.014747026588886047,-0.017784974502491762,0.014639346541777384,-0.018455231503629998
2024-09-26,64722.33,36.84000015258789,0.02461618249543,0.0241867918365268,63130.89,2024-09-26 00:00:00+00:00,2024-09-25 23:00:00+00:00,-0.017768600248969535,0.024318086362159222,-0.017928357092391885,0.023898923884781285
2024-09-27,65664.45,37.38999938964844,0.0145563362752854,0.0149294037671687,65177.21,2024-09-27 00:00:00+00:00,2024-09-26 23:00:00+00:00,0.03241392605109805,0.014451409816641557,0.031899677778608644,0.014819057136082878
2024-09-30,63464.76,36.130001068115234,-0.033498948060937,-0.0336988056191848,65600.01,2024-09-30 00:00:00+00:00,2024-09-29 23:00:00+00:00,0.006486930017409298,-0.03407289193386473,0.006465980437051333,-0.034279697942436634
2024-10-01,61745.74,35.130001068115234,-0.0270862128841266,-0.0276778292398807,63301.25,2024-10-01 00:00:00+00:00,2024-09-30 23:00:00+00:00,-0.03504206782895303,-0.027459805947014047,-0.03567077219851262,-0.02806807804027861
2024-10-02,60164.4,34.2400016784668,-0.0256105117535233,-0.0253344538169177,60790.0,2024-10-02 00:00:00+00:00,2024-10-01 23:00:00+00:00,-0.03967141249185446,-0.02594417000908223,-0.04047977442991238,-0.025660896388199215
2024-10-03,61030.5,34.720001220703125,0.0143955561760775,0.0140186775323143,60631.37,2024-10-03 00:00:00+00:00,2024-10-02 23:00:00+00:00,-0.002609475242638548,0.014292923949980501,-0.00261288585772864,0.013921324656466352
2024-10-04,62373.62,35.52000045776367,0.0220073569772492,0.0230414518702124,60744.99,2024-10-04 00:00:00+00:00,2024-10-03 23:00:00+00:00,0.0018739474301834314,0.02176869036347877,0.0018721937811867894,0.022780006060811094
2024-10-07,63368.59,36.060001373291016,0.0159517757667422,0.0152027282817592,62810.86,2024-10-07 00:00:00+00:00,2024-10-06 23:00:00+00:00,0.034008895219177715,0.015825883233287492,0.03344337877571163,0.015088324847210722
2024-10-08,62216.84,35.400001525878906,-0.0181754083529395,-0.0183028236904327,62200.28,2024-10-08 00:00:00+00:00,2024-10-07 23:00:00+00:00,-0.009720930425088925,-0.018342610160093833,-0.009768487117082295,-0.018472392615018908
2024-10-09,60968.18,34.68000030517578,-0.0200694860105398,-0.0203390166572952,62122.02,2024-10-09 00:00:00+00:00,2024-10-08 23:00:00+00:00,-0.0012581936930188276,-0.020273613923721002,-0.001258985883258964,-0.020548702531547718
2024-10-10,59670.0,33.95000076293945,-0.0212927464785729,-0.0210495829242359,60578.28,2024-10-10 00:00:00+00:00,2024-10-09 23:00:00+00:00,-0.024850125607634777,-0.02152270719392317,-0.025164102472084574,-0.021274284234955757
2024-10-11,63094.66,35.939998626708984,0.0573933299815654,0.0586155469528546,60279.53,2024-10-11 00:00:00+00:00,2024-10-10 23:00:00+00:00,-0.004931635563109382,0.05580675685678447,-0.0049438362070547155,0.05696196666760682
2024-10-14,65914.86,37.56999969482422,0.0446979189681027,0.045353398174698,62845.3,2024-10-14 00:00:00+00:00,2024-10-13 23:00:00+00:00,0.04256453227156887,0.04372777086939455,0.04168357423454166,0.04435500831826417
2024-10-15,66975.69,38.16999816894531,0.0160939430046578,0.0159701484960019,66065.65,2024-10-15 00:00:00+00:00,2024-10-14 23:00:00+00:00,0.0512424954610764,0.015965808469057794,0.049972793598043366,0.01584396732307546
2024-10-16,67725.74,38.58000183105469,0.0111988394595115,0.0107415164206885,67056.6,2024-10-16 00:00:00+00:00,2024-10-15 23:00:00+00:00,0.014999474008051239,0.01113659672339652,0.014888094274947649,0.010684236152728377
2024-10-17,66825.0,38.04999923706055,-0.0132998177650034,-0.0137377545059502,67608.44,2024-10-17 00:00:00+00:00,2024-10-16 23:00:00+00:00,0.008229465854218576,-0.013389052427641056,0.008195788438700002,-0.013832990682099694
2024-10-18,68602.94,39.06999969482422,0.0266059109614664,0.0268068456824093,67402.33,2024-10-18 00:00:00+00:00,2024-10-17 23:00:00+00:00,-0.0030485838750310412,0.02625812893137283,-0.0030532402728736447,0.026453836999255496
2024-10-21,67735.4,38.56999969482422,-0.012645813721686,-0.0127975429717301,69014.86,2024-10-21 00:00:00+00:00,2024-10-20 23:00:00+00:00,0.02392395040349493,-0.012726452574590727,0.023642256675285193,-0.01288013694810021
2024-10-22,67439.11,38.40999984741211,-0.0043742267706398,-0.0041482978656486,67346.15,2024-10-22 00:00:00+00:00,2024-10-21 23:00:00+00:00,-0.024178995653979518,-0.004383821691021888,-0.024476106574819433,-0.0041569259226736325
2024-10-23,66393.44,37.810001373291016,-0.0155053944217234,-0.0156208923849167,67380.08,2024-10-23 00:00:00+00:00,2024-10-22 23:00:00+00:00,0.000503814991651419,-0.015626860269642974,0.0005036881194901219,-0.015744184161522626
2024-10-24,68269.33,38.869998931884766,0.0282541467952255,0.0280348458104666,66601.11,2024-10-24 00:00:00+00:00,2024-10-23 23:00:00+00:00,-0.011560835190459917,0.02786236098700455,-0.011628181199512783,0.027649063161281705
2024-10-25,66725.35,38.0099983215332,-0.0226160121975709,-0.0221250484688362,68156.84,2024-10-25 00:00:00+00:00,2024-10-24 23:00:00+00:00,0.0233589199939761,-0.022875676721007706,0.023090275869862457,-0.02237347854236588
2024-10-28,69616.92,39.66999816894531,0.0433354040106195,0.0436727156199765,67943.19,2024-10-28 00:00:00+00:00,2024-10-27 23:00:00+00:00,-0.003134681713530041,0.0424227005566979,-0.0031396051198192506,0.042745949526475605
2024-10-29,72512.31,41.33000183105469,0.0415903202842067,0.0418453173362853,69924.5,2024-10-29 00:00:00+00:00,2024-10-28 23:00:00+00:00,0.029161274294009498,0.040748699307065074,0.028744173719879956,0.04099348445784916
2024-10-30,71817.56,40.880001068115234,-0.0095811318105849,-0.0108879928140077,72724.35,2024-10-30 00:00:00+00:00,2024-10-29 23:00:00+00:00,0.040041044269176096,-0.009627326153493968,0.03926017801797183,-0.010947700803410872
2024-10-31,69963.39,39.779998779296875,-0.0258177804982513,-0.0269080787690173,72322.91,2024-10-31 00:00:00+00:00,2024-10-30 23:00:00+00:00,-0.00552002183587752,-0.026156909160210743,-0.005535313455757906,-0.027276729284039482
2024-11-01,69211.34,39.369998931884766,-0.0107491932566446,-0.0103066832577554,70197.83,2024-11-01 00:00:00+00:00,2024-10-31 23:00:00+00:00,-0.02938322033778784,-0.01080738320684715,-0.02982355423318172,-0.010360164914008044
2024-11-04,67279.04,38.25,-0.0279188352660127,-0.0284480305377328,68738.18,2024-11-04 00:00:00+00:00,2024-11-03 23:00:00+00:00,-0.020793377800994772,-0.02831597519511974,-0.02101260438031234,-0.02886051755291974
2024-11-05,69439.54,39.5099983215332,0.0321125271704234,0.0329411325891033,67807.48,2024-11-05 00:00:00+00:00,2024-11-04 23:00:00+00:00,-0.013539782403316436,0.03160769907100186,-0.013632281147938194,0.032410201668678286
2024-11-06,76221.57,43.400001525878906,0.0976681297139931,0.0984561723513317,69380.73,2024-11-06 00:00:00+00:00,2024-11-05 23:00:00+00:00,0.023201717568622326,0.09318804759555407,0.02293664990562015,0.09390571432363554
2024-11-07,76599.9,43.599998474121094,0.0049635555919405,0.004608224451857,75646.55,2024-11-07 00:00:00+00:00,2024-11-06 23:00:00+00:00,0.09031066695320167,0.004951277760920723,0.0864626711852315,0.004597639092906718
2024-11-08,76712.64,43.689998626708984,0.0014718034879941,0.0020642237554506,75920.0,2024-11-08 00:00:00+00:00,2024-11-07 23:00:00+00:00,0.0036148376892271017,0.0014707214468117115,0.0036083198659935954,0.0020620961729621765
2024-11-11,87047.89,49.56999969482422,0.1347268194654753,0.1345846018067993,80428.92,2024-11-11 00:00:00+00:00,2024-11-10 23:00:00+00:00,0.05939041095890407,0.1263919342678176,0.05769365869871283,0.1262665943452939
2024-11-12,89618.02,51.04999923706055,0.029525471553647,0.0298567591556968,88770.73,2024-11-12 00:00:00+00:00,2024-11-11 23:00:00+00:00,0.10371654872401614,0.02909798885389339,0.09868316554495968,0.029419723789708026
2024-11-13,89780.86,51.040000915527344,0.0018170452772778,-0.0001958535099437,88035.43,2024-11-13 00:00:00+00:00,2024-11-12 23:00:00+00:00,-0.0082831356687052,0.001815396447538096,-0.008317631457897294,-0.00019587269174704602
2024-11-14,87550.16,49.72999954223633,-0.0248460529337767,-0.0256661706464133,90493.82,2024-11-14 00:00:00+00:00,2024-11-13 23:00:00+00:00,0.027925007011381897,-0.025159926021407254,0.02754221399393195,-0.02600129345231544
2024-11-15,91523.12,52.130001068115234,0.0453792431675736,0.0482606384068142,87340.4,2024-11-15 00:00:00+00:00,2024-11-14 23:00:00+00:00,-0.034846799483102986,0.04437973170217838,-0.035468433231383496,0.0471322557478015
2024-11-18,91575.13,52.130001068115234,0.0005682717110169,0.0,89886.69,2024-11-18 00:00:00+00:00,2024-11-17 23:00:00+00:00,0.029153633370124332,0.0005681103057932703,0.028736749273934634,0.0
2024-11-19,92577.97,52.70000076293945,0.0109510082049568,0.0109341968759877,90520.3,2024-11-19 00:00:00+00:00,2024-11-18 23:00:00+00:00,0.007048985784213535,0.010891480115365,0.007024257820624734,0.010874850754877792
2024-11-20,94380.69,53.720001220703125,0.0194724511673782,0.0193548471156943,92435.89,2024-11-20 00:00:00+00:00,2024-11-19 23:00:00+00:00,0.02116199349759107,0.0192852887618094,0.020941188201016404,0.019169924354129165
2024-11-21,98240.34,55.900001525878906,0.040894488056826,0.0405807940364608,94393.15,2024-11-21 00:00:00+00:00,2024-11-20 23:00:00+00:00,0.021174243034821183,0.04008042816243112,0.02095318381369873,0.039779013079159355
2024-11-22,99379.49,56.4900016784668,0.0115955421164055,0.010554564158907,98439.09,2024-11-22 00:00:00+00:00,2024-11-21 23:00:00+00:00,0.04286264416432761,0.01152882903884416,0.04196947431118576,0.010499253592171544
2024-11-25,94985.99,54.02000045776367,-0.044209323271834,-0.0437245733282506,98028.18,2024-11-25 00:00:00+00:00,2024-11-24 23:00:00+00:00,-0.004174256385344521,-0.045216347302722296,-0.0041829929143471735,-0.04470930421137006
2024-11-26,90940.03,51.70000076293945,-0.0425953343224617,-0.0429470506324438,93000.01,2024-11-26 00:00:00+00:00,2024-11-25 23:00:00+00:00,-0.051293107757381606,-0.0435291287563692,-0.05265538767597727,-0.04389656056700325
2024-11-27,96643.99,55.029998779296875,0.0627222137489948,0.064410018708249,91929.54,2024-11-27 00:00:00+00:00,2024-11-26 23:00:00+00:00,-0.011510428869846323,0.06083374230121719,-0.011577186624232296,0.06242067261773169
2024-11-29,97052.95,55.209999084472656,0.0042316133677839,0.003270948740117,95665.53,2024-11-29 00:00:00+00:00,2024-11-28 23:00:00+00:00,0.04063971167483271,0.004222685269913896,0.03983563143192486,0.003265610824152476
2024-12-02,95694.32,54.47999954223633,-0.0139988532033286,-0.0132222342753421,97263.18,2024-12-02 00:00:00+00:00,2024-12-01 23:00:00+00:00,0.01670037264205826,-0.014097761300389583,0.016562454820066092,-0.013310426274476862
2024-12-03,95660.2,54.459999084472656,-0.0003565519876206,-0.0003671156008026,95862.89,2024-12-03 00:00:00+00:00,2024-12-02 23:00:00+00:00,-0.014396917723644154,-0.0003566155673940183,-0.01450155889815745,-0.00036718300423185134
2024-12-04,99029.44,56.41999816894531,0.0352209173721151,0.0359897010176681,95924.52,2024-12-04 00:00:00+00:00,2024-12-03 23:00:00+00:00,0.0006428973714438513,0.03461485067716194,0.0006426908014595382,0.03535720268524134
2024-12-05,99143.74,56.400001525878906,0.001154202225116,-0.0003544247379542,98746.24,2024-12-05 00:00:00+00:00,2024-12-04 23:00:00+00:00,0.029416045032073068,0.001153536645820694,0.0289916948957644,-0.00035448756124617894
2024-12-06,101564.38,57.79999923706055,0.0244154598162222,0.0248226537820084,97044.23,2024-12-06 00:00:00+00:00,2024-12-05 23:00:00+00:00,-0.017236200588498396,0.024122166810986855,-0.017386473149137688,0.024519576920083774
2024-12-09,96196.76,54.72999954223633,-0.0528494340240152,-0.0531141822724415,101174.99,2024-12-09 00:00:00+00:00,2024-12-08 23:00:00+00:00,0.04256574553685488,-0.054297205851162676,0.04168473796545951,-0.05457676568689608
2024-12-10,96482.7,54.900001525878906,0.0029724493839502,0.0031061937705916,97324.81,2024-12-10 00:00:00+00:00,2024-12-09 23:00:00+00:00,-0.038054661532459844,0.0029680403911247462,-0.03879765065060154,0.0031013795174804526
2024-12-11,101403.61,57.720001220703125,0.0510030295586669,0.051366113232163,96660.76,2024-12-11 00:00:00+00:00,2024-12-10 23:00:00+00:00,-0.006823028989216606,0.04974497443934363,-0.0068464122754345975,0.050090378745101104
2024-12-12,100054.53,56.91999816894531,-0.013304062843522,-0.0138600664386484,101202.11,2024-12-12 00:00:00+00:00,2024-12-11 23:00:00+00:00,0.0469823535424303,-0.013393354735197949,0.04591207744114024,-0.013957014001637437
2024-12-13,101728.61,57.90999984741211,0.0167316762169589,0.0173928620926577,100030.47,2024-12-13 00:00:00+00:00,2024-12-12 23:00:00+00:00,-0.011577228972795117,0.016593243726851253,-0.011644766861908712,0.017243337550048806
2024-12-16,105848.66,60.220001220703125,0.0405004059330016,0.0398895075009095,104447.76,2024-12-16 00:00:00+00:00,2024-12-15 23:00:00+00:00,0.044159444617225097,0.03970175698410608,0.043212202528355635,0.03911446472152963
2024-12-17,106726.24,60.72999954223633,0.0082908938100869,0.0084689191497038,106099.81,2024-12-17 00:00:00+00:00,2024-12-16 23:00:00+00:00,0.01581699789444979,0.008256713145552567,0.015693212750073737,0.00843325904748423
2024-12-18,100699.83,57.18000030517578,-0.0564660574569103,-0.058455446464998,106136.99,2024-12-18 00:00:00+00:00,2024-12-17 23:00:00+00:00,0.0003504247557089002,-0.05812293968221212,0.00035036337129418704,-0.06023361014052518
2024-12-19,96243.93,54.720001220703125,-0.0442493299144597,-0.0430220194358758,100150.73,2024-12-19 00:00:00+00:00,2024-12-18 23:00:00+00:00,-0.056401260295774414,-0.04525820529621873,-0.058054267074534906,-0.04397489660880687
2024-12-20,96362.57,54.810001373291016,0.0012327011168393,0.0016447395939356,97372.21,2024-12-20 00:00:00+00:00,2024-12-19 23:00:00+00:00,-0.02774338239970886,0.001231941964625455,-0.028135499489330053,0.0016433884910417738
2024-12-23,92980.11,52.869998931884766,-0.035101388433289,-0.0353950445684829,95087.75,2024-12-23 00:00:00+00:00,2024-12-22 23:00:00+00:00,-0.023461108667452546,-0.03573224889692025,-0.02374070218501413,-0.03603663406882026
2024-12-24,98761.49,56.22999954223633,0.0621786745573864,0.0635521217747787,94764.56,2024-12-24 00:00:00+00:00,2024-12-23 23:00:00+00:00,-0.0033988605261981997,0.06032215213110206,-0.003404649774256517,0.061614364118507646
2024-12-26,95470.16,54.29999923706055,-0.0333260464174852,-0.0343233206631291,99346.28,2024-12-26 00:00:00+00:00,2024-12-25 23:00:00+00:00,0.048348454316677,-0.033894013515285,0.0472160252117601,-0.03492620127375563
2024-12-27,94444.1,53.68000030517578,-0.0107474419232145,-0.0114180283719342,95669.49,2024-12-27 00:00:00+00:00,2024-12-26 23:00:00+00:00,-0.03700984073082547,-0.010805612845005662,-0.03771208606366485,-0.011483714540920223
2024-12-30,94211.54,53.54999923706055,-0.0024624089805505,-0.0024217784533563,93563.35,2024-12-30 00:00:00+00:00,2024-12-29 23:00:00+00:00,-0.022014750993237242,-0.0024654456956582404,-0.022260691876237523,-0.0024247157019968483
2024-12-31,93390.22,53.04999923706055,-0.0087178279858284,-0.009337068293625,92620.71,2024-12-31 00:00:00+00:00,2024-12-30 23:00:00+00:00,-0.010074885091224228,-0.008756050555555627,-0.01012598022075155,-0.00938093196804687
2025-01-02,97209.38,55.369998931884766,0.040894646141748,0.0437323228687904,94383.59,2025-01-02 00:00:00+00:00,2025-01-01 23:00:00+00:00,0.019033324188510115,0.04008058003652773,0.018854456540513456,0.04280306086589566
2025-01-03,98300.02,55.959999084472656,0.011219493427486,0.0106555926308342,96903.19,2025-01-03 00:00:00+00:00,2025-01-02 23:00:00+00:00,0.02669531854001317,0.011157021743917183,0.02634521559680566,0.010599221892520645
2025-01-06,102182.39,58.16999816894531,0.0394951089531823,0.0394924789247517,98345.33,2025-01-06 00:00:00+00:00,2025-01-05 23:00:00+00:00,0.014882275805368161,0.038735123113117303,0.014772621338828019,0.03873259300813166
2025-01-07,96450.93,54.790000915527344,-0.0560904868245889,-0.0581055073029453,102279.41,2025-01-07 00:00:00+00:00,2025-01-06 23:00:00+00:00,0.04000271288936652,-0.05772497211805504,0.03922332169734685,-0.059862014184946556
2025-01-08,93948.24,53.34000015258789,-0.0259478057909859,-0.0264646968189505,96941.98,2025-01-08 00:00:00+00:00,2025-01-07 23:00:00+00:00,-0.052184794574000826,-0.02629038929177258,-0.05359572671386205,-0.02682119064554328
2025-01-10,94672.29,53.84000015258789,0.0077069032905776,0.0093738282446507,92547.44,2025-01-10 00:00:00+00:00,2025-01-09 23:00:00+00:00,-0.04533165095245628,0.007677356822163662,-0.04639127730079153,0.009330166556037833
2025-01-13,93564.5,53.220001220703125,-0.0117013119678418,-0.0115155819117315,94509.62,2025-01-13 00:00:00+00:00,2025-01-12 23:00:00+00:00,0.021201883055868453,-0.011770311100466996,0.02098025034732676,-0.011582399684103909
2025-01-14,96447.58,54.83000183105469,0.0308138236190007,0.0302517958177959,94506.45,2025-01-14 00:00:00+00:00,2025-01-13 23:00:00+00:00,-3.354155904977674e-05,0.03034861027949384,-3.354212158044729e-05,0.029803234324613778
2025-01-15,99572.92,56.63999938964844,0.0324045455572861,0.0330110796671285,96534.96,2025-01-15 00:00:00+00:00,2025-01-14 23:00:00+00:00,0.02146424926552637,0.031890591755850725,0.021237136391452388,0.03247791579840208
2025-01-16,100348.45,57.09000015258789,0.0077885633965539,0.0079449288098278,100510.23,2025-01-16 00:00:00+00:00,2025-01-15 23:00:00+00:00,0.0411795892389657,0.007758389111613789,0.04035429083334227,0.007913534039444892
2025-01-17,104732.3,59.619998931884766,0.0436862751741558,0.0443159707923417,99981.78,2025-01-17 00:00:00+00:00,2025-01-16 23:00:00+00:00,-0.0052576737711176325,0.04275894159371392,-0.0052715439758947704,0.043362097685612264
2025-01-21,106137.11,60.41999816894531,0.0134133404880825,0.0134183034450325,102145.43,2025-01-21 00:00:00+00:00,2025-01-20 23:00:00+00:00,0.021640442888694267,0.013324178062312557,0.021409612744995393,0.0133290753185449
2025-01-22,104313.15,59.380001068115234,-0.0171849412519334,-0.017212795967356,106159.26,2025-01-22 00:00:00+00:00,2025-01-21 23:00:00+00:00,0.03929524796165618,-0.01733431616101814,0.03854283725660741,-0.017362658329677434
2025-01-23,103331.39,58.790000915527344,-0.0094116609459113,-0.0099360077799779,103667.11,2025-01-23 00:00:00+00:00,2025-01-22 23:00:00+00:00,-0.023475578107835293,-0.009456230496226983,-0.023755519359946492,-0.009985699336403232
2025-01-24,104870.05,59.70000076293945,0.0148905381027004,0.0154788200925468,103926.36,2025-01-24 00:00:00+00:00,2025-01-23 23:00:00+00:00,0.0025007931638105774,0.014780762444350507,0.002497671384120174,0.015360245191106901
2025-01-27,101352.86,57.66999816894531,-0.033538555574256,-0.0340033930996919,102563.0,2025-01-27 00:00:00+00:00,2025-01-26 23:00:00+00:00,-0.013118519690288433,-0.03411387308419644,-0.01320532749883196,-0.034594957301348976
2025-01-28,101207.91,57.58000183105469,-0.0014301520450433,-0.0015605399817593,102062.42,2025-01-28 00:00:00+00:00,2025-01-27 23:00:00+00:00,-0.004880707467605272,-0.00143117568857301,-0.004892657017658292,-0.0015617588925477084
2025-01-29,104220.34,59.34000015258789,0.0297647683861863,0.030566138686435,101290.0,2025-01-29 00:00:00+00:00,2025-01-28 23:00:00+00:00,-0.007568113709237934,0.02933039595122747,-0.007596897198235482,0.030108300449877945
2025-01-30,104915.66,59.720001220703125,0.0066716343469999,0.0064037928402105,103747.25,2025-01-30 00:00:00+00:00,2025-01-29 23:00:00+00:00,0.024259551782012112,0.006649477488280574,0.023969963036714698,0.0063833756773373895
2025-01-31,101599.53,57.709999084472656,-0.0316075788876513,-0.0336571013922495,104742.64,2025-01-31 00:00:00+00:00,2025-01-30 23:00:00+00:00,0.009594374790657056,-0.03211788014428525,0.009548641068466522,-0.034236540252830926
2025-02-03,101209.94,57.58000183105469,-0.0038345649827317,-0.0022525949658687,97676.52,2025-02-03 00:00:00+00:00,2025-02-02 23:00:00+00:00,-0.06746173287211388,-0.003841935775591324,-0.06984509117170429,-0.002255135874384473
2025-02-04,98697.79,56.130001068115234,-0.0248211786312688,-0.0251823674336429,101460.2,2025-02-04 00:00:00+00:00,2025-02-03 23:00:00+00:00,0.03873684279497258,-0.025134418269179754,0.03800540072460372,-0.02550486900079606
2025-02-05,97325.05,55.33000183105469,-0.0139085181137287,-0.0142526139646732,97795.05,2025-02-05 00:00:00+00:00,2025-02-04 23:00:00+00:00,-0.03612401710227253,-0.014006147865656153,-0.03679264109385341,-0.014355157980057662
2025-02-06,96935.46,55.119998931884766,-0.0040029776506664,-0.0037954616341988,96638.33,2025-02-06 00:00:00+00:00,2025-02-05 23:00:00+00:00,-0.01182800151950436,-0.004011011011110604,-0.011898508854878977,-0.0038026826759559418
2025-02-07,95776.2,54.470001220703125,-0.0119590911313569,-0.0117924115344211,96564.62,2025-02-07 00:00:00+00:00,2025-02-06 23:00:00+00:00,-0.000762740829648112,-0.012031176353970167,-0.0007630318644335375,-0.011862493521263758
2025-02-10,97374.72,55.380001068115234,0.0166901589330126,0.0167064407383605,96475.82,2025-02-10 00:00:00+00:00,2025-02-09 23:00:00+00:00,-0.0009195914611375144,0.01655240883147008,-0.0009200145447611578,0.016568423223695325
2025-02-11,95279.96,54.11000061035156,-0.0215123596761047,-0.0229324744180055,97444.41,2025-02-11 00:00:00+00:00,2025-02-10 23:00:00+00:00,0.010039717724088737,-0.02174712347371639,0.009989654559276796,-0.023199514095363655
2025-02-12,97033.95,55.15999984741211,0.0184088028584394,0.0194049015933603,95774.08,2025-02-12 00:00:00+00:00,2025-02-11 23:00:00+00:00,-0.017141362957608375,0.018241412035995472,-0.017289976864597198,0.019219027224349938
2025-02-13,96273.84,54.7400016784668,-0.0078334438616587,-0.0076141800236972,97862.53,2025-02-13 00:00:00+00:00,2025-02-12 23:00:00+00:00,0.02180600429677848,-0.007864286457774462,0.021571654093007736,-0.007643315883762295
2025-02-14,97236.51,55.33000183105469,0.0099992895266252,0.0107782267902263,96625.29,2025-02-14 00:00:00+00:00,2025-02-13 23:00:00+00:00,-0.01264263247639319,0.009949627413935729,-0.01272323058980339,0.010720555728300279
2025-02-18,94161.31,53.5099983215332,-0.0316259808172876,-0.0328936101444331,95781.8,2025-02-18 00:00:00+00:00,2025-02-17 23:00:00+00:00,-0.00872949514562893,-0.032136882879208795,-0.008767820391421035,-0.033446769047496536
2025-02-19,96162.43,54.650001525878906,0.0212520407798064,0.0213044896300613,95607.4,2025-02-19 00:00:00+00:00,2025-02-18 23:00:00+00:00,-0.0018208052051643664,0.021029365505678927,-0.0018224648859048163,0.02108072158761406
2025-02-20,98512.94,56.040000915527344,0.0244431219136205,0.0254345718360176,96632.03,2025-02-20 00:00:00+00:00,2025-02-19 23:00:00+00:00,0.010717057466263169,0.024149169257760478,0.010660036839675388,0.025116495262360726
2025-02-21,94937.7,53.91999816894531,-0.0362920850803966,-0.0378301697349656,98347.2,2025-02-21 00:00:00+00:00,2025-02-20 23:00:00+00:00,0.017749497759697253,-0.03696702310517887,0.017593814919814665,-0.038564305160517724
2025-02-24,93977.16,53.40999984741211,-0.0101175823724399,-0.0094584261656546,96265.98,2025-02-24 00:00:00+00:00,2025-02-23 23:00:00+00:00,-0.021161964956806112,-0.0101691129803968,-0.021389089317774525,-0.009503441150558815
2025-02-25,88057.62,50.029998779296875,-0.0629891348067978,-0.0632840493872236,91510.82,2025-02-25 00:00:00+00:00,2025-02-24 23:00:00+00:00,-0.04939605871149899,-0.06506040108714303,-0.050657768704678516,-0.0653751903940723
2025-02-26,84264.23,47.959999084472656,-0.0430784979198847,-0.0413751698047375,88583.74,2025-02-26 00:00:00+00:00,2025-02-25 23:00:00+00:00,-0.031986162947725716,-0.04403391588807151,-0.032508897332235116,-0.042255490030771406
2025-02-27,83358.53,47.349998474121094,-0.0107483329521909,-0.0127189454127628,84111.78,2025-02-27 00:00:00+00:00,2025-02-26 23:00:00+00:00,-0.050482853851056664,-0.010806513554708543,-0.051801690810752865,-0.01280052366336375
2025-02-28,84155.16,47.900001525878906,0.0095566704451242,0.0116156931252788,84625.19,2025-02-28 00:00:00+00:00,2025-02-27 23:00:00+00:00,0.0061039012609174215,0.009511294337397346,0.006085347915861659,0.011548748865823149
2025-03-03,85989.99,48.900001525878906,0.0218029411387252,0.0208768260572962,94265.48,2025-03-03 00:00:00+00:00,2025-03-02 23:00:00+00:00,0.11391749903308934,0.021568656300245032,0.10788308044404835,0.020661891412514864
2025-03-04,86813.52,49.38999938964844,0.0095770449560466,0.0100204058993784,86161.1,2025-03-04 00:00:00+00:00,2025-03-03 23:00:00+00:00,-0.08597399599514044,0.009531475775375116,-0.08989625716152141,0.0099705345098436
2025-03-05,90499.79,51.439998626708984,0.0424619345005246,0.0415063628749547,87249.96,2025-03-05 00:00:00+00:00,2025-03-04 23:00:00+00:00,0.012637489539943259,0.041585160355617705,0.012558302917854878,0.0406680910376783
2025-03-06,89019.08,50.63999938964844,-0.0163614744299406,-0.0155520851169923,90603.73,2025-03-06 00:00:00+00:00,2025-03-05 23:00:00+00:00,0.03843864226413385,-0.01649680148312947,0.03771827954968878,-0.015674287449250705
2025-03-07,86970.66,49.43000030517578,-0.0230110219067641,-0.0238941370271816,89921.85,2025-03-07 00:00:00+00:00,2025-03-06 23:00:00+00:00,-0.007525959472087895,-0.023279908381458513,-0.007554422402239544,-0.024184232290398736
2025-03-10,79002.84,44.90999984741211,-0.0916150343115713,-0.0914424525562948,80699.17,2025-03-10 00:00:00+00:00,2025-03-09 23:00:00+00:00,-0.10256328133818426,-0.09608701920866417,-0.10821266956034246,-0.09589704979075662
2025-03-11,83071.91,47.2400016784668,0.0515053636046503,0.0518815818074189,78544.71,2025-03-11 00:00:00+00:00,2025-03-10 23:00:00+00:00,-0.026697424521218593,0.050222817055501606,-0.02706027342272531,0.05058054315777801
2025-03-12,82893.13,47.150001525878906,-0.0021521113454595,-0.001905168276675,82914.51,2025-03-12 00:00:00+00:00,2025-03-11 23:00:00+00:00,0.05563455514699833,-0.002154430465014279,0.05414206018798305,-0.0019069854180965651
2025-03-13,80140.82,45.52000045776367,-0.0332031134546373,-0.0345705411530175,83659.43,2025-03-13 00:00:00+00:00,2025-03-12 23:00:00+00:00,0.008984193478318803,-0.033766850528947484,0.008944075716872028,-0.03518224156729582
2025-03-14,84561.86,48.13999938964844,0.0551658942346733,0.057557093706881,81073.43,2025-03-14 00:00:00+00:00,2025-03-13 23:00:00+00:00,-0.030911040154110503,0.05369800028628696,-0.031398865478756456,0.05596161980185271
2025-03-17,84481.92,48.060001373291016,-0.0009453434444323,-0.0016617785079288,82562.57,2025-03-17 00:00:00+00:00,2025-03-16 23:00:00+00:00,0.018367793246196973,-0.0009457905633557827,0.018201142904538947,-0.0016631607934139815
2025-03-18,82308.47,46.810001373291016,-0.0257268063983393,-0.0260091544794395,84011.4,2025-03-18 00:00:00+00:00,2025-03-17 23:00:00+00:00,0.01754826672667753,-0.026063528424509746,0.01739607379594898,-0.026353374233298647
2025-03-19,85469.73,48.61000061035156,0.0384074688789621,0.038453304512988,82698.76,2025-03-19 00:00:00+00:00,2025-03-18 23:00:00+00:00,-0.0156245461925405,0.03768825962186962,-0.015747895957492927,0.03773239896391941
2025-03-20,84137.13,47.849998474121094,-0.0155914848449854,-0.0156346868275625,86877.96,2025-03-20 00:00:00+00:00,2025-03-19 23:00:00+00:00,0.050535219633281114,-0.01571431040612781,0.04929976728378244,-0.015758197603288247
2025-03-21,83918.76,47.70000076293945,-0.0025954058570812,-0.0031347485050132,84183.42,2025-03-21 00:00:00+00:00,2025-03-20 23:00:00+00:00,-0.031015231020617984,-0.0025987797618953518,-0.031506385502435855,-0.003139672121333142
2025-03-24,88292.88,50.18000030517578,0.0521232677889902,0.0519916038274608,86092.94,2025-03-24 00:00:00+00:00,2025-03-23 23:00:00+00:00,0.02268285132630643,0.05081028215546201,0.022429420650041262,0.050685133131064763
2025-03-25,88175.6,50.13999938964844,-0.0013283064274265,-0.0007971485708264,87523.62,2025-03-25 00:00:00+00:00,2025-03-24 23:00:00+00:00,0.016617855076153765,-0.0013291894084086,0.01648128939812189,-0.0007974664626977133
2025-03-26,86567.47,49.18000030517578,-0.0182378118209572,-0.0191463720813457,87427.88,2025-03-26 00:00:00+00:00,2025-03-25 23:00:00+00:00,-0.001093876144519501,-0.018406170852883093,-0.0010944748636855077,-0.01933203756387153
2025-03-27,87059.54,49.439998626708984,0.0056842368155149,0.0052866677494884,86926.01,2025-03-27 00:00:00+00:00,2025-03-26 23:00:00+00:00,-0.00574038853509895,0.005668142501885086,-0.00575692789062159,0.005272742379184447
2025-03-28,83733.93,47.560001373291016,-0.038199259954739,-0.0380258354700345,87217.48,2025-03-28 00:00:00+00:00,2025-03-27 23:00:00+00:00,0.0033530815460183216,-0.03894798070108649,0.0033474725029797323,-0.03876768467501627
2025-03-31,82443.85,46.810001373291016,-0.0154068965830218,-0.015769553791922,82379.98,2025-03-31 00:00:00+00:00,2025-03-30 23:00:00+00:00,-0.05546479902881851,-0.015526816134144252,-0.05706232331083451,-0.015895216047961656
2025-04-01,84955.25,48.29999923706055,0.0304619447053964,0.0318307588134294,82534.32,2025-04-01 00:00:00+00:00,2025-03-31 23:00:00+00:00,0.0018735134434362255,0.030007191705201393,0.0018717606060929413,0.031334660213143725
2025-04-02,86925.98,49.40999984741211,0.0231972715047039,0.0229813794593161,85170.37,2025-04-02 00:00:00+00:00,2025-04-01 23:00:00+00:00,0.031938834656903836,0.022932304649448593,0.03143939655959938,0.02272128490678119
2025-04-03,81949.14,46.56999969482422,-0.0572537692413706,-0.0574782465362957,82490.08,2025-04-03 00:00:00+00:00,2025-04-02 23:00:00+00:00,-0.031469747049355234,-0.05895814098623814,-0.03197555970953129,-0.05919627932822943
2025-04-04,83967.63,47.709999084472656,0.0246310089404233,0.0244792655597791,83174.33,2025-04-04 00:00:00+00:00,2025-04-03 23:00:00+00:00,0.008294936797248909,0.0243325565003207,0.008260722880323671,0.024184449897362438
2025-04-07,78071.42,44.27000045776367,-0.0702200359829139,-0.0721022572358116,78370.75,2025-04-07 00:00:00+00:00,2025-04-06 23:00:00+00:00,-0.05775315533049685,-0.0728073186596081,-0.05948799555951949,-0.07483374325427529
2025-04-08,76751.4,43.59000015258789,-0.0169078518105602,-0.0153602958695368,79140.01,2025-04-08 00:00:00+00:00,2025-04-07 23:00:00+00:00,0.0098156518854291,-0.017052421428417987,0.009767791308125245,-0.015479487333491379
2025-04-09,82301.16,46.83000183105469,0.072308257569243,0.0743290127810298,76251.64,2025-04-09 00:00:00+00:00,2025-04-08 23:00:00+00:00,-0.036496962787848974,0.06981357501562038,-0.03717963886267811,0.07169629254465937
2025-04-10,79574.75,45.16999816894531,-0.0331272366027405,-0.0354474396156987,82594.75,2025-04-10 00:00:00+00:00,2025-04-09 23:00:00+00:00,0.08318653867641412,-0.03368837088591435,0.07990719573197488,-0.036090953165938154
2025-04-11,83835.8,47.66999816894531,0.0535477648374642,0.0553464711388624,79552.34,2025-04-11 00:00:00+00:00,2025-04-10 23:00:00+00:00,-0.03683539208000508,0.0521632924250753,-0.03753094937177592,0.05386912167613757
2025-04-14,84918.89,48.279998779296875,0.0129191824972147,0.0127963212456958,83733.07,2025-04-14 00:00:00+00:00,2025-04-13 23:00:00+00:00,0.05255319956647431,0.012836441725794763,0.051218831203387036,0.012715140139819255
2025-04-15,83983.6,47.7400016784668,-0.0110139216374589,-0.0111846958260827,84590.36,2025-04-15 00:00:00+00:00,2025-04-14 23:00:00+00:00,0.010238368185950808,-0.011075023937224425,0.010186311112538178,-0.011247714876320808
2025-04-16,84338.62,47.959999084472656,0.0042272538924263,0.0046082404329927,83629.78,2025-04-16 00:00:00+00:00,2025-04-15 23:00:00+00:00,-0.011355667477949027,0.004218344155013645,-0.011420635374033717,0.004597655000735493
2025-04-17,84860.31,48.2599983215332,0.0061856596657616,0.0062551968888104,84028.72,2025-04-17 00:00:00+00:00,2025-04-16 23:00:00+00:00,0.0047703102889904425,0.006166607001508949,0.004758968414070044,0.006235714347297522
2025-04-21,87416.85,49.720001220703125,0.0301264513410333,0.030252858473857,85177.34,2025-04-21 00:00:00+00:00,2025-04-20 23:00:00+00:00,0.013669373994986467,0.029681562998399694,0.013576790850568482,0.029804265776844602
2025-04-22,91497.04,52.08000183105469,0.0466750975355436,0.0474658196381714,87522.07,2025-04-22 00:00:00+00:00,2025-04-21 23:00:00+00:00,0.027527626479061373,0.04561856618987586,0.027155554111046094,0.04637374186475199
2025-04-23,93558.79,53.20000076293945,0.0225335158383266,0.0215053550788648,93489.1,2025-04-23 00:00:00+00:00,2025-04-22 23:00:00+00:00,0.0681774322750821,0.02228338672361399,0.06595386182812568,0.02127737762975239
2025-04-24,93618.4,53.2599983215332,0.0006371394927189,0.0011277736416039,93740.92,2025-04-24 00:00:00+00:00,2025-04-23 23:00:00+00:00,0.002693576042554602,0.0006369366055260602,0.002689954867755035,0.0011271381826350184
2025-04-25,95423.14,54.27000045776367,0.0192776206386779,0.0189636156226111,94021.96,2025-04-25 00:00:00+00:00,2025-04-24 23:00:00+00:00,0.0029980503711719564,0.019094161333305344,0.002993565180473566,0.018786047639043183
2025-04-28,94813.63,53.880001068115234,-0.0063874443871789,-0.0071862794611906,93780.57,2025-04-28 00:00:00+00:00,2025-04-27 23:00:00+00:00,-0.002567378939983822,-0.006407931396428895,-0.002570680309082145,-0.007212225144115711
2025-04-29,95349.42,54.220001220703125,0.0056509807714353,0.0063103219348132,95042.57,2025-04-29 00:00:00+00:00,2025-04-28 23:00:00+00:00,0.013456945292612321,0.00563507387782689,0.013367204796526816,0.006290495218281349
2025-04-30,94157.42,53.5099983215332,-0.0125013870037175,-0.0130948521428438,94271.09,2025-04-30 00:00:00+00:00,2025-04-29 23:00:00+00:00,-0.00811720474309574,-0.012580186768573098,-0.008150328620155384,-0.01318134562854474
2025-05-01,96588.48,54.95000076293945,0.0258191016703728,0.0269109042529491,94182.54,2025-05-01 00:00:00+00:00,2025-04-30 23:00:00+00:00,-0.0009393123597064568,0.025491417041978787,-0.0009397537900099472,0.026555173778014095
2025-05-02,96966.7,55.189998626708984,0.0039157878869198,0.0043675679788415,96524.98,2025-05-02 00:00:00+00:00,2025-05-01 23:00:00+00:00,0.024871276565698874,0.0039081411450446035,0.024567020865718443,0.004358057834562664
2025-05-05,94348.18,53.630001068115234,-0.02700432210233,-0.0282659466825715,94272.55,2025-05-05 00:00:00+00:00,2025-05-04 23:00:00+00:00,-0.02333520297025693,-0.027375638843336058,-0.02361177994498337,-0.028673119657232012
2025-05-06,94977.68,53.970001220703125,0.0066720947876259,0.0063397379417549,94733.99,2025-05-06 00:00:00+00:00,2025-05-05 23:00:00+00:00,0.004894744016153085,0.006649934877269258,0.004882803703990715,0.0063197263375207435
2025-05-07,96208.29,54.68000030517578,0.0129568336476528,0.0131554394740369,96839.17,2025-05-07 00:00:00+00:00,2025-05-06 23:00:00+00:00,0.022222013450504896,0.012873611967351857,0.021978702485552656,0.013069658188141188
2025-05-08,101335.87,57.619998931884766,0.0532966545814295,0.0537673483961318,97058.32,2025-05-08 00:00:00+00:00,2025-05-07 23:00:00+00:00,0.002263030548485867,0.05192491672451638,0.0022604737515340067,0.05237169368228013
2025-05-09,103229.28,58.65999984741211,0.0186844993781569,0.0180493046651524,103253.49,2025-05-09 00:00:00+00:00,2025-05-08 23:00:00+00:00,0.06382935538138312,0.01851208841699191,0.061874997776505215,0.017888349828927924
2025-05-12,101850.92,57.880001068115234,-0.013352413191296,-0.0132969447890526,104137.62,2025-05-12 00:00:00+00:00,2025-05-11 23:00:00+00:00,0.008562712989168553,-0.013442358212997479,0.008526260900343497,-0.01338614073083597
2025-05-13,104836.64,59.619998931884766,0.0293146100202139,0.030062160187624,102800.21,2025-05-13 00:00:00+00:00,2025-05-12 23:00:00+00:00,-0.012842717165996165,0.028893153581783126,-0.012925897802479267,0.029619150117297134
2025-05-14,103302.0,58.7400016784668,-0.0146383935997949,-0.0147601017977768,104131.06,2025-05-14 00:00:00+00:00,2025-05-13 23:00:00+00:00,0.012945985227072798,-0.01474659208291847,0.012862902252671459,-0.014870115989555566
2025-05-15,103179.6,58.66999816894531,-0.001184875413835,-0.0011917519155799,103545.38,2025-05-15 00:00:00+00:00,2025-05-14 23:00:00+00:00,-0.005624450572192297,-0.0011855779336953755,-0.005640327354416685,-0.0011924626166030915
2025-05-16,104069.32,59.20000076293945,0.0086230223803931,0.009033622132865,103786.43,2025-05-16 00:00:00+00:00,2025-05-15 23:00:00+00:00,0.002327964801519755,0.008586056476115312,0.002325259289538743,0.00899306304906878
2025-05-19,105556.13,59.9900016784668,0.0142867273467339,0.0133446098876048,106473.46,2025-05-19 00:00:00+00:00,2025-05-18 23:00:00+00:00,0.025889993518420695,0.014185633784012261,0.025560522207269832,0.013256354866660372
2025-05-20,107086.17,60.90999984741211,0.0144950369059568,0.0153358583631368,105616.18,2025-05-20 00:00:00+00:00,2025-05-19 23:00:00+00:00,-0.008051583934625683,0.014390988114010078,-0.008084172983406175,0.01521945269914516
2025-05-21,108675.07,61.790000915527344,0.0148375836020655,0.0144475631311731,106883.24,2025-05-21 00:00:00+00:00,2025-05-20 23:00:00+00:00,0.011996836090834018,0.014728583534199275,0.011925444467930122,0.014344191546387561
2025-05-22,111241.94,63.22999954223633,0.0236196765274685,0.023304719297182,109699.54,2025-05-22 00:00:00+00:00,2025-05-21 23:00:00+00:00,0.026349313512576744,0.02334504798652847,0.02600815031794089,0.02303731094121838
2025-05-23,108747.25,61.83000183105469,-0.022425804512219,-0.0221413525433677,111722.53,2025-05-23 00:00:00+00:00,2025-05-22 23:00:00+00:00,0.018441189452572004,-0.022681086690819034,0.01827321270296408,-0.02239015164604461
2025-05-27,109938.56,62.5,0.0109548517318829,0.0108361337393458,109464.32,2025-05-27 00:00:00+00:00,2025-05-26 23:00:00+00:00,-0.020212664356956345,0.010895282000509333,-0.020419735312264903,0.010777843557538122
2025-05-28,106956.19,60.790000915527344,-0.0271276065467839,-0.0273599853515624,108978.46,2025-05-28 00:00:00+00:00,2025-05-27 23:00:00+00:00,-0.004438523895274771,-0.027502352926817814,-0.004448403386870744,-0.027741239921232203
2025-05-29,105744.47,59.9900016784668,-0.0113291245696017,-0.0131600464716592,107819.29,2025-05-29 00:00:00+00:00,2025-05-28 23:00:00+00:00,-0.01063668912186877,-0.01139378795158727,-0.01069366306920615,-0.013247407177012472
2025-05-30,104651.99,59.459999084472656,-0.0103313203990714,-0.008834848794218,105572.58,2025-05-30 00:00:00+00:00,2025-05-29 23:00:00+00:00,-0.020837736920730876,-0.010385058936792004,-0.021057906488691568,-0.008874107471524971
2025-06-02,104470.22,59.36000061035156,-0.0017368996041069,-0.0016817772563203,105697.94,2025-06-02 00:00:00+00:00,2025-06-01 23:00:00+00:00,0.0011874295389957545,-0.0017384097631407429,0.001186725102131663,-0.0016831930312583446
2025-06-03,106301.7,60.400001525878906,0.0175311203518093,0.0175202308765809,105904.94,2025-06-03 00:00:00+00:00,2025-06-02 23:00:00+00:00,0.001958410920780418,0.01737922297924135,0.0019564957341870067,0.01736852106233694
2025-06-04,104961.64,59.63999938964844,-0.0126061953853983,-0.0125828165071293,105447.82,2025-06-04 00:00:00+00:00,2025-06-03 23:00:00+00:00,-0.004316323676685885,-0.012686327620443904,-0.004325665894108201,-0.012662650541056702
2025-06-05,101908.77,57.869998931884766,-0.029085578312229,-0.0296780763896333,104753.38,2025-06-05 00:00:00+00:00,2025-06-04 23:00:00+00:00,-0.006585626900584618,-0.029516948779008678,-0.006607407821432592,-0.030127382534010184
2025-06-06,104304.24,59.2599983215332,0.0235060240644646,0.02401934362025,101570.2,2025-06-06 00:00:00+00:00,2025-06-05 23:00:00+00:00,-0.030387372703391646,0.023234011851241045,-0.030858640549940645,0.02373541669304787
2025-06-09,108679.24,61.77000045776367,0.0419446035942545,0.0423557578016065,105784.4,2025-06-09 00:00:00+00:00,2025-06-08 23:00:00+00:00,0.041490515919039295,0.04108877838076052,0.04065287550271794,0.04148330329693872
2025-06-10,109533.92,62.290000915527344,0.007864243437845,0.0084183333966336,110301.15,2025-06-10 00:00:00+00:00,2025-06-09 23:00:00+00:00,0.042697694556097066,0.007833481450006652,0.04181129177816378,0.00838309684529182
2025-06-11,108768.9,61.84000015258789,-0.0069843204735118,-0.0072242857011626,110300.24,2025-06-11 00:00:00+00:00,2025-06-10 23:00:00+00:00,-8.25014063754459e-06,-0.0070088250047397205,-8.250174670142042e-06,-0.007250507217247023
2025-06-12,106828.55,60.70000076293945,-0.0178391985209006,-0.018434660201092,108669.37,2025-06-12 00:00:00+00:00,2025-06-11 23:00:00+00:00,-0.01478573392043403,-0.01800023507268249,-0.014896132451266005,-0.01860669611215772
2025-06-13,105153.75,59.7400016784668,-0.0156774570093856,-0.0158154707150973,105721.05,2025-06-13 00:00:00+00:00,2025-06-12 23:00:00+00:00,-0.027131104192469224,-0.0158016480484118,-0.027505948107435722,-0.01594186975031136
2025-06-16,108699.51,61.79999923706055,0.0337197674833278,0.034482716784661,105599.25,2025-06-16 00:00:00+00:00,2025-06-15 23:00:00+00:00,-0.0011520884440705537,0.03316372144644064,-0.0011527526081281964,0.03390151123418624
2025-06-17,104705.02,59.5,-0.0367480037398512,-0.0372168165931184,106853.38,2025-06-17 00:00:00+00:00,2025-06-16 23:00:00+00:00,0.011876315409437233,-0.03744022305637333,0.011806345421184129,-0.037927039566762306
2025-06-18,103818.67,58.970001220703125,-0.0084652101685287,-0.0089075425091911,104590.44,2025-06-18 00:00:00+00:00,2025-06-17 23:00:00+00:00,-0.02117799174906776,-0.00850124355770612,-0.02140546273492313,-0.008947451838762365
2025-06-20,103326.33,58.66999816894531,-0.0047423069472957,-0.0050873841876822,104671.9,2025-06-20 00:00:00+00:00,2025-06-19 23:00:00+00:00,0.0007788474740137996,-0.004753587362477436,0.0007785443297118149,-0.005100368984439773
2025-06-23,103243.85,58.66999816894531,-0.0007982476489777,0.0,100996.87,2025-06-23 00:00:00+00:00,2025-06-22 23:00:00+00:00,-0.035109996092552054,-0.0007985664182814712,-0.03574116972813882,0.0
2025-06-24,105710.77,60.060001373291016,0.0238941108840864,0.0236918910469892,105419.39,2025-06-24 00:00:00+00:00,2025-06-23 23:00:00+00:00,0.043788683748318125,0.02361311393064914,0.04285705876997681,0.02341559369212048
2025-06-25,107836.0,61.275001525878906,0.0201041956273706,0.0202297723078008,106141.0,2025-06-25 00:00:00+00:00,2025-06-24 23:00:00+00:00,0.006845135415790127,0.01990477465481421,0.006821813842092088,0.020027868895818174
2025-06-26,107584.79,61.13999938964844,-0.002329555992433,-0.0022032171826784,107400.22,2025-06-26 00:00:00+00:00,2025-06-25 23:00:00+00:00,0.01186365306526227,-0.0023322736294059732,0.011793831615683047,-0.0022056478364839006
2025-06-27,106851.43,60.720001220703125,-0.0068165769529316,-0.0068694500022585,107029.64,2025-06-27 00:00:00+00:00,2025-06-26 23:00:00+00:00,-0.0034504584813699335,-0.006839915935390532,-0.0034564250421028684,-0.00689315328865581
2025-06-30,107751.68,61.209999084472656,0.0084252499007266,0.0080697933781077,108386.44,2025-06-30 00:00:00+00:00,2025-06-29 23:00:00+00:00,0.012676862222464669,0.008389955586495471,0.012597183482239472,0.008037406714644429
2025-07-01,105403.99,59.84000015258789,-0.0217879665542104,-0.0223819466161746,107173.21,2025-07-01 00:00:00+00:00,2025-06-30 23:00:00+00:00,-0.011193558899065148,-0.022028829331414368,-0.011256678241538306,-0.022636223689672105
2025-07-02,109755.27,62.41999816894531,0.0412819287011809,0.0431149400029846,105711.78,2025-07-02 00:00:00+00:00,2025-07-01 23:00:00+00:00,-0.01363615030286025,0.040452577847451314,-0.013729976529110883,0.04221137129205672
2025-07-03,109316.08,62.189998626708984,-0.0040015390604933,-0.0036847092115224,108888.32,2025-07-03 00:00:00+00:00,2025-07-02 23:00:00+00:00,0.030049063595372294,-0.004009566640191928,0.029606435665668722,-0.0036915144745960486
2025-07-07,108058.12,61.400001525878906,-0.0115075476544713,-0.0127029605768602,109217.98,2025-07-07 00:00:00+00:00,2025-07-06 23:00:00+00:00,0.0030275056130903977,-0.011574271862903423,0.0030229319468466948,-0.012784333029069336
2025-07-08,108781.37,61.81999969482422,0.0066931573490265,0.0068403608877483,108269.84,2025-07-08 00:00:00+00:00,2025-07-07 23:00:00+00:00,-0.008681171360246709,0.006670857619805883,-0.008719072237100419,0.0068170717629038625
2025-07-09,111792.0,63.58000183105469,0.027675970618866,0.0284697855858744,108958.04,2025-07-09 00:00:00+00:00,2025-07-08 23:00:00+00:00,0.006356340787055714,0.027299913667706836,0.006336224452140879,0.028072052514432243
2025-07-10,113399.95,64.5,0.0143834084728782,0.01446992989069,111282.85,2025-07-10 00:00:00+00:00,2025-07-09 23:00:00+00:00,0.02133674577846678,0.014280948566352055,0.021112304371559608,0.014366239519846096
2025-07-11,118191.06,67.20999908447266,0.0422496658949145,0.0420154896817466,116031.3,2025-07-11 00:00:00+00:00,2025-07-10 23:00:00+00:00,0.042670096964626536,0.04138151721735015,0.04178482393725403,0.041156808558255875
2025-07-14,119945.25,68.18000030517578,0.0148419855105792,0.0144323944936226,119130.81,2025-07-14 00:00:00+00:00,2025-07-13 23:00:00+00:00,0.026712705968130912,0.01473292107454869,0.026362150787387007,0.014329238825805208
2025-07-15,116410.21,66.16000366210938,-0.029472113318368,-0.0296274073632273,119863.71,2025-07-15 00:00:00+00:00,2025-07-14 23:00:00+00:00,0.0061520609152243555,-0.029915142441091853,0.006133214246210654,-0.030075165118035267
2025-07-16,119304.15,67.83000183105469,0.0248598469154894,0.0252418088952093,117781.64,2025-07-16 00:00:00+00:00,2025-07-15 23:00:00+00:00,-0.017370311664806737,0.024555868524732277,-0.017522945644190317,0.024928495884996963
2025-07-17,119032.03,67.6500015258789,-0.0022808929949209,-0.0026536974836608,118681.68,2025-07-17 00:00:00+00:00,2025-07-16 23:00:00+00:00,0.007641598469846356,-0.002283498193554862,0.007612549350208199,-0.0026572247804626044
2025-07-18,117426.36,66.68000030517578,-0.013489394409219,-0.0143385247424134,119273.69,2025-07-18 00:00:00+00:00,2025-07-17 23:00:00+00:00,0.004988217221057356,-0.013581202851679408,0.00497581728415871,-0.014442314712972283
2025-07-21,116782.87,66.33000183105469,-0.0054799450481135,-0.0052489273023282,117312.7,2025-07-21 00:00:00+00:00,2025-07-20 23:00:00+00:00,-0.01644109442744668,-0.005495015027299256,-0.01657774912599344,-0.005262751316623702
2025-07-22,119326.44,67.81999969482422,0.0217803347357365,0.0224634075476828,117428.79,2025-07-22 00:00:00+00:00,2025-07-21 23:00:00+00:00,0.0009895774285306747,0.02154653202152688,0.000989088119566611,0.022214821055011238
2025-07-23,118458.67,67.29000091552734,-0.0072722357257956,-0.0078147859286605,120026.42,2025-07-23 00:00:00+00:00,2025-07-22 23:00:00+00:00,0.022120895565729715,-0.007298807333726057,0.02187977790258599,-0.007845481391778795
2025-07-24,119030.64,67.66000366210938,0.0048284350989251,0.0054986289426048,118810.44,2025-07-24 00:00:00+00:00,2025-07-23 23:00:00+00:00,-0.010130936172219385,0.004816815593845936,-0.010182603360280026,0.005483566671812976
2025-07-25,116721.63,66.36000061035156,-0.0193984506846304,-0.0192137597013734,118397.04,2025-07-25 00:00:00+00:00,2025-07-24 23:00:00+00:00,-0.003479492206240553,-0.019589069799528295,-0.003485559717908859,-0.01940074295791047
2025-07-28,118066.31,67.0999984741211,0.0115204011458716,0.0111512636673196,119465.52,2025-07-28 00:00:00+00:00,2025-07-27 23:00:00+00:00,0.009024549938072779,0.011454546622338316,0.008984072034916751,0.01108954671743855
2025-07-29,117483.28,66.70999908447266,-0.0049381572101304,-0.0058122116023423,118070.59,2025-07-29 00:00:00+00:00,2025-07-28 23:00:00+00:00,-0.011676423456743024,-0.0049503901973387944,-0.011745128230126828,-0.0058291682398303275
2025-07-30,116900.01,66.37000274658203,-0.004964706467167,-0.0050966323273381,117933.39,2025-07-30 00:00:00+00:00,2025-07-29 23:00:00+00:00,-0.0011620167223691524,-0.0049770715653520495,-0.0011626923872740142,-0.005109664456717293
2025-07-31,116757.77,66.31999969482422,-0.0012167663629797,-0.0007533983680659,117830.15,2025-07-31 00:00:00+00:00,2025-07-30 23:00:00+00:00,-0.0008754094154336256,-0.0012175072242017631,-0.0008757928100237603,-0.0007536823152423355
2025-08-01,113247.92,64.22000122070312,-0.0300609544015786,-0.0316646333501865,115761.13,2025-08-01 00:00:00+00:00,2025-07-31 23:00:00+00:00,-0.017559342833731395,-0.030522049048454576,-0.01771533689363385,-0.032176798555961124
2025-08-04,114746.95,65.19999694824219,0.0132367111025084,0.0152599767815502,114215.73,2025-08-04 00:00:00+00:00,2025-08-03 23:00:00+00:00,-0.013349904238149746,0.013149871318153504,-0.013439815309138103,0.015144714456991145
2025-08-05,113602.75,64.55000305175781,-0.0099715068679384,-0.0099692320077923,115051.85,2025-08-05 00:00:00+00:00,2025-08-04 23:00:00+00:00,0.007320532819778958,-0.010021555326188489,0.007293867775205954,-0.010019257556428959
2025-08-06,115295.57,65.51000213623047,0.0149012237819947,0.0148721772128019,114112.95,2025-08-06 00:00:00+00:00,2025-08-05 23:00:00+00:00,-0.008160668429060491,0.014791291287254545,-0.008194148957070421,0.014762670782935661
2025-08-07,117525.79,66.83000183105469,0.0193435012290583,0.0201495901660822,115028.83,2025-08-07 00:00:00+00:00,2025-08-06 23:00:00+00:00,0.008026082929238232,0.01915879383386822,0.007994045236264308,0.019949273568660254
2025-08-08,116467.8,66.12999725341797,-0.009002194326879,-0.0104744060819618,117515.49,2025-08-08 00:00:00+00:00,2025-08-07 23:00:00+00:00,0.021617710968632853,-0.009042958909776208,0.02138736208614503,-0.01052964876817346
2025-08-11,119068.36,67.63999938964844,0.0223285749365917,0.0228338454399743,119309.37,2025-08-11 00:00:00+00:00,2025-08-10 23:00:00+00:00,0.015265051441303523,0.0220829420057569,0.01514971282902082,0.022577054853351246
2025-08-12,119655.97,67.94999694824219,0.004935064193376,0.0045830508780457,118701.84,2025-08-12 00:00:00+00:00,2025-08-11 23:00:00+00:00,-0.005092056055614025,0.00492292668063651,-0.005105064752516787,0.004572580678487265
2025-08-13,122804.64,69.83999633789062,0.0263143577374367,0.0278145618032632,120113.18,2025-08-13 00:00:00+00:00,2025-08-12 23:00:00+00:00,0.011889790419423951,0.025974091377225964,0.011819662187334235,0.0274347634103071
2025-08-14,117997.18,67.02999877929688,-0.0391472178901384,-0.0402347896039225,123365.63,2025-08-14 00:00:00+00:00,2025-08-13 23:00:00+00:00,0.027078210734242658,-0.039934074140482084,0.026718082607902944,-0.04106659693707334
2025-08-15,116997.52,66.44000244140625,-0.0084718973792423,-0.008801974468674,118389.79,2025-08-15 00:00:00+00:00,2025-08-14 23:00:00+00:00,-0.04033408656852,-0.008507987883102048,-0.04117006193089714,-0.008840940667447103
2025-08-18,116365.53,66.05000305175781,-0.0054017384300112,-0.0058699484545079,117488.6,2025-08-18 00:00:00+00:00,2025-08-17 23:00:00+00:00,-0.007612058438485225,-0.00541638057152755,-0.007641178022759513,-0.005887244319038539
2025-08-19,113105.4,64.19000244140625,-0.0280162862662165,-0.0281604924210834,116286.76,2025-08-19 00:00:00+00:00,2025-08-18 23:00:00+00:00,-0.010229418003108504,-0.02841623007998982,-0.010282098064963347,-0.028564603814340055
2025-08-20,114279.3,64.9000015258789,0.0103788148045982,0.0110608982313211,112856.19,2025-08-20 00:00:00+00:00,2025-08-19 23:00:00+00:00,-0.029500950925109515,0.010325324697155665,-0.029944856203649527,0.011000173863530083
2025-08-21,112160.29,63.689998626708984,-0.018542378190976,-0.0186441120296034,114276.0,2025-08-21 00:00:00+00:00,2025-08-20 23:00:00+00:00,0.01258070115604637,-0.01871644316259858,0.012502221667772628,-0.018820104400114692
2025-08-22,116648.95,66.25,0.040020046310508,0.0401947154732305,112480.3,2025-08-22 00:00:00+00:00,2025-08-21 23:00:00+00:00,-0.0157137106654065,0.039239988266080536,-0.01583847980028621,0.039407922045170914
2025-08-25,110693.42,62.880001068115234,-0.0510551530896763,-0.0508679084058077,113478.0,2025-08-25 00:00:00+00:00,2025-08-24 23:00:00+00:00,0.008869997679593622,-0.05240459912079311,0.008830890334749285,-0.05220729975881521
2025-08-26,111125.26,63.099998474121094,0.0039012255651691,0.0034986864228507,110127.74,2025-08-26 00:00:00+00:00,2025-08-25 23:00:00+00:00,-0.029523431854632576,0.00389363551863207,-0.029968020770297987,0.003492580257734653
2025-08-27,112078.96,63.650001525878906,0.0085822071417427,0.0087163718709657,111788.01,2025-08-27 00:00:00+00:00,2025-08-26 23:00:00+00:00,0.015075856455421643,0.008545589360465762,0.014963345125258716,0.008678603611124167
2025-08-28,111905.45,63.58000183105469,-0.0015481050145362,-0.0010997595152572,111253.21,2025-08-28 00:00:00+00:00,2025-08-27 23:00:00+00:00,-0.004784055105730878,-0.0015493045672865654,-0.004795535326665843,-0.001100364694494674
2025-08-29,108213.98,61.439998626708984,-0.0329874014178934,-0.0336584325686579,112574.85,2025-08-29 00:00:00+00:00,2025-08-28 23:00:00+00:00,0.011879567340124408,-0.03354375509033519,0.011809559179043857,-0.03423791779420597
2025-09-02,110809.89,62.970001220703125,0.0239886750307123,0.0249023865265685,109240.55,2025-09-02 00:00:00+00:00,2025-09-01 23:00:00+00:00,-0.029618516036219456,0.02370546701583889,-0.030066002363088474,0.024597375398447772
2025-09-03,112240.18,63.77000045776367,0.0129076023809786,0.0127044500802315,111247.94,2025-09-03 00:00:00+00:00,2025-09-02 23:00:00+00:00,0.018375868667816153,0.01282500924171201,0.01820907264235547,0.012624425619412398
2025-09-04,109808.31,62.349998474121094,-0.0216666616179695,-0.0222675548604249,111756.41,2025-09-04 00:00:00+00:00,2025-09-03 23:00:00+00:00,0.0045706014870927625,-0.021904830227541854,0.0045601880066390744,-0.022519219852286877
2025-09-05,111630.22,63.41999816894531,0.0165917315365293,0.0171611823738588,110720.79,2025-09-05 00:00:00+00:00,2025-09-04 23:00:00+00:00,-0.009266761521777633,0.016455592549358404,-0.009309965068105462,0.01701559258507194
2025-09-08,112107.76,63.70000076293945,0.0042778738588886,0.0044150520668297,111129.61,2025-09-08 00:00:00+00:00,2025-09-07 23:00:00+00:00,0.0036923508222801438,0.004268749768396035,0.0036855508284842436,0.0044053343168691805
2025-09-09,111305.71,63.220001220703125,-0.007154277277505,-0.0075353145445422,112072.57,2025-09-09 00:00:00+00:00,2025-09-08 23:00:00+00:00,0.008485227294507736,-0.00717999183865442,0.008449430109015815,-0.007563848458905146
2025-09-10,113610.0,64.52999877929688,0.0207023521075422,0.0207212517130537,111549.32,2025-09-10 00:00:00+00:00,2025-09-09 23:00:00+00:00,-0.004668849835423594,0.0204909708309917,-0.004679782958161836,0.02050948693463296
2025-09-11,114464.0,65.02999877929688,0.0075169439309918,0.0077483342547406,113983.97,2025-09-11 00:00:00+00:00,2025-09-10 23:00:00+00:00,0.021825771775211056,0.007488832494793988,0.021590999533477626,0.007718470078759007
2025-09-12,116793.73,66.37999725341797,0.0203533862175007,0.0207596263180445,115540.0,2025-09-12 00:00:00+00:00,2025-09-11 23:00:00+00:00,0.013651305530067104,0.020149024369766493,0.013558965880792043,0.020547081805501716
2025-09-15,115327.01,65.5,-0.0125582083901251,-0.0132569642939034,115314.13,2025-09-15 00:00:00+00:00,2025-09-14 23:00:00+00:00,-0.001954907391379601,-0.012637729149386986,-0.001956820716823389,-0.013345622273971423
2025-09-16,116866.13,66.37000274658203,0.013345702797636,0.0132824846806416,115381.08,2025-09-16 00:00:00+00:00,2025-09-15 23:00:00+00:00,0.0005805879990596896,0.01325743338371283,0.0005804195230543074,0.013195045899510751
2025-09-17,115699.28,65.66999816894531,-0.0099845010697282,-0.010547002390666,116832.56,2025-09-17 00:00:00+00:00,2025-09-16 23:00:00+00:00,0.01257987878081912,-0.010034680490924297,0.012501409509729066,-0.010603016220502288
2025-09-18,117503.13,66.75,0.0155908489663894,0.0164458940333183,116484.4,2025-09-18 00:00:00+00:00,2025-09-17 23:00:00+00:00,-0.0029799911942356427,0.01547056033751747,-0.0029844402088758993,0.016312124960144125
2025-09-19,115166.0,65.37000274658203,-0.0198899382510066,-0.0206741161560743,117117.99,2025-09-19 00:00:00+00:00,2025-09-18 23:00:00+00:00,0.005439269121015444,-0.020090405716444187,0.005424529720285191,-0.02089081763978104
2025-09-22,112192.0,63.650001525878906,-0.0258235937689943,-0.0263117813742643,115282.27,2025-09-22 00:00:00+00:00,2025-09-21 23:00:00+00:00,-0.015674107795053516,-0.026162876512079384,-0.01579824549641499,-0.026664130664202604
2025-09-23,111679.02,63.40999984741211,-0.0045723402738162,-0.0037706468611664,112736.59,2025-09-23 00:00:00+00:00,2025-09-22 23:00:00+00:00,-0.022082146716923656,-0.004582825394841305,-0.02232960707314496,-0.0037777736708045147
2025-09-24,113477.89,64.41999816894531,0.016107501659667,0.0159280606207796,112017.21,2025-09-24 00:00:00+00:00,2025-09-23 23:00:00+00:00,-0.00638106935822691,0.015979152279087045,-0.006401515406146753,0.01580254017378276
2025-09-25,109391.38,62.099998474121094,-0.0360115084973821,-0.0360136566402855,113348.17,2025-09-25 00:00:00+00:00,2025-09-24 23:00:00+00:00,0.011881745671044497,-0.036675922718145855,0.011811711933823865,-0.036678151111239586
2025-09-26,109218.56,61.939998626708984,-0.0015798319757919,-0.002576487139187,109035.72,2025-09-26 00:00:00+00:00,2025-09-25 23:00:00+00:00,-0.03804604873638451,-0.0015810812262383577,-0.038788697171465325,-0.0025798119943684925
2025-09-29,114325.41,64.97000122070312,0.0467580784804342,0.048918351003766,112197.67,2025-09-29 00:00:00+00:00,2025-09-28 23:00:00+00:00,0.028999212368203686,0.045697843566278144,0.028586691417415225,0.047759491307413894
2025-09-30,114378.49,65.0,0.0004642887351113,0.000461732780256,114365.07,2025-09-30 00:00:00+00:00,2025-09-29 23:00:00+00:00,0.019317691713205853,0.0004641809864463241,0.019133473769952506,0.00046162621447790644
2025-10-01,117501.25,66.73999786376953,0.0273019865885622,0.0267691979041466,114067.71,2025-10-01 00:00:00+00:00,2025-09-30 23:00:00+00:00,-0.00260009459181898,0.026935935034144383,-0.002603480708518195,0.0264171714193424
2025-10-02,120932.04,68.7699966430664,0.029197902149977,0.0304165244871679,118659.97,2025-10-02 00:00:00+00:00,2025-10-01 23:00:00+00:00,0.0402590706870507,0.028779763092610062,0.03946978856128276,0.029963113202839575
2025-10-03,122778.0,69.80999755859375,0.0152644410860844,0.0151228873970317,120621.32,2025-10-03 00:00:00+00:00,2025-10-02 23:00:00+00:00,0.01652916312046937,0.015149111650637271,0.016394043414484836,0.015009676492333883
2025-10-06,125474.93,71.29000091552734,0.0219659059440615,0.0212004499168099,123520.79,2025-10-06 00:00:00+00:00,2025-10-05 23:00:00+00:00,0.024037790334245912,0.021728131092038905,0.02375343055964421,0.020978846961680942
2025-10-07,121695.48,69.12999725341797,-0.0301211564732493,-0.0302988306125678,124720.09,2025-10-07 00:00:00+00:00,2025-10-06 23:00:00+00:00,0.009709296710294746,-0.030584118866479767,0.009662464384279486,-0.030767327745342774
2025-10-08,123467.99,70.05999755859375,0.014565126001393,0.0134529197472201,121393.95,2025-10-08 00:00:00+00:00,2025-10-07 23:00:00+00:00,-0.026668838997790933,0.01446007339471817,-0.027030904237455366,0.013363232695486137
2025-10-09,121040.0,68.73999786376953,-0.0196649350167602,-0.0188409897348377,123343.25,2025-10-09 00:00:00+00:00,2025-10-08 23:00:00+00:00,0.016057637139247793,-0.019860862708923906,0.015930077014998323,-0.019020742577253325
2025-10-10,116670.01,66.19999694824219,-0.0361036847323199,-0.0369508436785402,121714.51,2025-10-10 00:00:00+00:00,2025-10-09 23:00:00+00:00,-0.013204938251586529,-0.0367715469325018,-0.01329289864791519,-0.03765082350082299
2025-10-13,115899.11,65.80999755859375,-0.0066075249329282,-0.0058912297224629,115067.98,2025-10-13 00:00:00+00:00,2025-10-12 23:00:00+00:00,-0.054607540218499784,-0.006629451265026259,-0.056155136346048636,-0.005908651473674294
2025-10-14,112664.75,63.90999984741211,-0.0279066853921483,-0.0288709585422789,115274.03,2025-10-14 00:00:00+00:00,2025-10-13 23:00:00+00:00,0.0017906806046303902,-0.028303476446685686,0.0017890792475109187,-0.029295924095579424
2025-10-15,111318.21,63.16999816894531,-0.0119517417825893,-0.0115788089537409,113068.0,2025-10-15 00:00:00+00:00,2025-10-14 23:00:00+00:00,-0.019137267951853554,-0.012023738077509767,-0.01932275576383353,-0.011646365350182108
2025-10-16,108246.33,61.43000030517578,-0.0275954850513676,-0.0275446875764659,110804.12,2025-10-16 00:00:00+00:00,2025-10-15 23:00:00+00:00,-0.020022287473025147,-0.027983393452806874,-0.02022544989554333,-0.027931155780766673
2025-10-17,106484.0,60.470001220703125,-0.0162807367233605,-0.0156275285642766,108198.0,2025-10-17 00:00:00+00:00,2025-10-16 23:00:00+00:00,-0.023520064055379875,-0.016414724184243452,-0.023801075784205112,-0.01575092567165581
2025-10-20,110840.0,62.93000030517578,0.0409075541865444,0.0406813136234966,108676.78,2025-10-20 00:00:00+00:00,2025-10-19 23:00:00+00:00,0.00442503558291274,0.04009298087345114,0.004415273899561109,0.0398756079162479
2025-10-21,111841.0,63.4900016784668,0.0090310357271743,0.0088987981976056,110568.06,2025-10-21 00:00:00+00:00,2025-10-20 23:00:00+00:00,0.017402797543320636,0.008990499795527167,0.017253103101312773,0.008859437230779019
2025-10-22,107846.83,61.209999084472656,-0.0357129317513255,-0.0359112070202924,108362.27,2025-10-22 00:00:00+00:00,2025-10-21 23:00:00+00:00,-0.01994961293523634,-0.0363662400621241,-0.020151293267036574,-0.03657187971324419
2025-10-23,110247.6,62.560001373291016,0.0222609232000607,0.0220552574581041,107585.98,2025-10-23 00:00:00+00:00,2025-10-22 23:00:00+00:00,-0.007163840329295512,0.022016765654350078,-0.007189623846555907,0.021815558282812935
2025-10-24,110624.14,62.83000183105469,0.0034154031470978,0.0043158639999478,110116.03,2025-10-24 00:00:00+00:00,2025-10-23 23:00:00+00:00,0.023516539980395157,0.0034095839040456277,0.023244286203967082,0.00430657736921713
2025-10-27,114950.0,65.27999877929688,0.0391041232049351,0.0389940613853561,114548.09,2025-10-27 00:00:00+00:00,2025-10-26 23:00:00+00:00,0.04024899916933067,0.038358921922614156,0.039460106774544194,0.03825299639849974
2025-10-28,113687.51,64.48999786376953,-0.0109829491083079,-0.012101729937193,114087.06,2025-10-28 00:00:00+00:00,2025-10-27 23:00:00+00:00,-0.004024772477655425,-0.01104370697043563,-0.004032893672368776,-0.012175552059057402
2025-10-29,110644.31,62.75,-0.0267681119940088,-0.0269808950443005,112906.75,2025-10-29 00:00:00+00:00,2025-10-28 23:00:00+00:00,-0.010345695646815645,-0.027132902471064674,-0.010399584355696306,-0.027351561885404347
2025-10-30,106491.99,60.400001525878906,-0.0375285452997988,-0.0374501748863919,110032.13,2025-10-30 00:00:00+00:00,2025-10-29 23:00:00+00:00,-0.025460125280375112,-0.03825087071432525,-0.025789842739654827,-0.0381694478082285
2025-10-31,109756.29,62.29999923706055,0.0306530096770656,0.0314569149533476,108308.18,2025-10-31 00:00:00+00:00,2025-10-30 23:00:00+00:00,-0.01566769633560683,0.0301925913325344,-0.015791731964040337,0.030972283343523525
2025-11-03,106632.31,60.529998779296875,-0.0284628789839743,-0.0284109226234267,110536.01,2025-11-03 00:00:00+00:00,2025-11-02 23:00:00+00:00,0.020569360504442136,-0.028875800893570055,0.020360668135405824,-0.02882232381050357
2025-11-04,100680.87,57.18000030517578,-0.0558127269305147,-0.0553444332013912,106557.98,2025-11-04 00:00:00+00:00,2025-11-03 23:00:00+00:00,-0.03598854346199032,-0.05743075002297872,-0.036652100066681355,-0.056934897505411794
2025-11-05,103841.98,58.91999816894531,0.0313973250330474,0.0304301828346096,101468.15,2025-11-05 00:00:00+00:00,2025-11-04 23:00:00+00:00,-0.04776582664198403,0.030914509101251163,-0.048944294020910564,0.029976368286192826
2025-11-06,100860.0,57.2599983215332,-0.0287165171542376,-0.0281737932620479,103869.0,2025-11-06 00:00:00+00:00,2025-11-05 23:00:00+00:00,0.023661119277329945,-0.02913690392202267,0.0233855336394511,-0.02857829016057413
2025-11-07,103749.09,58.880001068115234,0.0286445568114217,0.0282920501933163,101290.5,2025-11-07 00:00:00+00:00,2025-11-06 23:00:00+00:00,-0.024824538601507684,0.02824197133942488,-0.025137863766511705,0.027899222204273228
2025-11-10,105985.94,60.189998626708984,0.0215601891062371,0.0222485994366454,104694.95,2025-11-10 00:00:00+00:00,2025-11-09 23:00:00+00:00,0.03361075322957241,0.02133105581696621,0.03305825765846457,0.02200471018258141
2025-11-11,102771.54,58.349998474121094,-0.0303285511266873,-0.030569865335923,105979.38,2025-11-11 00:00:00+00:00,2025-11-10 23:00:00+00:00,0.012268309025411428,-0.03079797736248381,0.012193663220656145,-0.03104687016163393
2025-11-12,101519.99,57.59000015258789,-0.0121779823480312,-0.013024821617952,103009.35,2025-11-12 00:00:00+00:00,2025-11-11 23:00:00+00:00,-0.028024602521735775,-0.012252741539117106,-0.028424786078386402,-0.013110388413975747
2025-11-13,98090.0,55.59000015258789,-0.0337863508457793,-0.0347282513405259,101639.01,2025-11-13 00:00:00+00:00,2025-11-12 23:00:00+00:00,-0.01330306423640193,-0.03437030032714508,-0.013392342663923335,-0.03534561245787799
2025-11-14,94287.01,53.474998474121094,-0.0387704149250688,-0.0380464413142898,99614.54,2025-11-14 00:00:00+00:00,2025-11-13 23:00:00+00:00,-0.019918238085947504,-0.039541996281250186,-0.020119280273108733,-0.03878910527622428
2025-11-17,91787.28,52.099998474121094,-0.0265119235406871,-0.025712950710329,94183.97,2025-11-17 00:00:00+00:00,2025-11-16 23:00:00+00:00,-0.054515836744314594,-0.026869702360646053,-0.05605814062127227,-0.02604930696221619
2025-11-18,92748.97,52.65999984741211,0.0104773776932927,0.0107485871342045,92100.6,2025-11-18 00:00:00+00:00,2025-11-17 23:00:00+00:00,-0.022120218546744175,0.010422870370260488,-0.022368539352384025,0.010691231698740318
2025-11-19,89413.61,50.72999954223633,-0.0359611540699589,-0.0366502147886091,92914.46,2025-11-19 00:00:00+00:00,2025-11-18 23:00:00+00:00,0.008836641672258283,-0.036623688575551504,0.008797827047264548,-0.03733870861548944
2025-11-20,86333.83,48.959999084472656,-0.0344441970299599,-0.0348906066180825,91461.6,2025-11-20 00:00:00+00:00,2025-11-19 23:00:00+00:00,-0.015636532785101465,-0.03505138181840372,-0.01576007288195266,-0.03551382305049466
2025-11-21,84487.2,47.970001220703125,-0.0213894136284699,-0.0202205449812498,86536.88,2025-11-21 00:00:00+00:00,2025-11-20 23:00:00+00:00,-0.05384467361165779,-0.021621482311592218,-0.05534853060890508,-0.02042777854338217
2025-11-24,89072.01,50.56999969482422,0.054266326733517,0.0542005088171433,86808.28,2025-11-24 00:00:00+00:00,2025-11-23 23:00:00+00:00,0.003136235094216344,0.05284510011083115,0.003131327367445885,0.05278266809598003
2025-11-25,87343.65,49.560001373291016,-0.0194040754216728,-0.0199722825317038,88266.2,2025-11-25 00:00:00+00:00,2025-11-24 23:00:00+00:00,0.016794711287909436,-0.01959480582266452,0.016655239549829528,-0.020174424586565164
2025-11-26,89856.06,51.029998779296875,0.0287646554729508,0.0296609637867781,87325.01,2025-11-26 00:00:00+00:00,2025-11-25 23:00:00+00:00,-0.010663085076733858,0.02835871881090347,-0.010720343164070913,0.029229586683989117
2025-11-28,90673.19,51.54999923706055,0.0090937661856085,0.0101900934784,91316.7,2025-11-28 00:00:00+00:00,2025-11-27 23:00:00+00:00,0.04571073052267627,0.009052666871017183,0.04469677913873063,0.010138524508383755
2025-12-01,85511.18,48.5,-0.0569298378054197,-0.0591658444655771,90369.51,2025-12-01 00:00:00+00:00,2025-11-30 23:00:00+00:00,-0.010372582452059742,-0.058614595940869686,-0.010426752600568415,-0.060988397719541884
2025-12-02,91070.79,51.66999816894531,0.065016176832082,0.065360786988563,86282.36,2025-12-02 00:00:00+00:00,2025-12-01 23:00:00+00:00,-0.045227090420209115,0.062989988559721,-0.04628175779409894,0.06331350891817318
2025-12-03,92991.75,52.7400016784668,0.0210930420170947,0.0207084100530232,91308.05,2025-12-03 00:00:00+00:00,2025-12-02 23:00:00+00:00,0.05824701596015691,0.020873663352921054,0.05661378062768386,0.0204969058888383
2025-12-04,92523.07,52.5099983215332,-0.0050400169907545,-0.004361079818234,93453.84,2025-12-04 00:00:00+00:00,2025-12-03 23:00:00+00:00,0.02350055663219175,-0.005052760713473309,0.023228669970736613,-0.004370617065389321
2025-12-05,89321.7,50.689998626708984,-0.0346007757848935,-0.0346600600457052,92093.54,2025-12-05 00:00:00+00:00,2025-12-04 23:00:00+00:00,-0.014555849176449032,-0.03521355934514293,-0.014662824899783768,-0.03527497029275359
2025-12-08,90813.85,51.52000045776367,0.0167053470769142,0.016374074838056,90402.29,2025-12-08 00:00:00+00:00,2025-12-07 23:00:00+00:00,-0.01836448028819393,0.01656734753262985,-0.018535200714640897,0.016241465288956442
2025-12-09,93136.46,52.849998474121094,0.0255755041769509,0.025815178659553,90653.86,2025-12-09 00:00:00+00:00,2025-12-08 23:00:00+00:00,0.0027827834892235614,0.02525392251618402,0.0027789187154751084,0.025487592763102803
2025-12-10,92498.32,52.4900016784668,-0.0068516668982265,-0.0068116708807584,92690.0,2025-12-10 00:00:00+00:00,2025-12-09 23:00:00+00:00,0.022460599030201145,-0.006875247339814705,0.02221207423657431,-0.006834976203270445
2025-12-11,91808.02,52.099998474121094,-0.007462838243981,-0.0074300474733208,92035.99,2025-12-11 00:00:00+00:00,2025-12-10 23:00:00+00:00,-0.007055885208760326,-0.007490824546413381,-0.0070808956835966,-0.0074577877692770115
2025-12-12,90220.0,51.20000076293945,-0.0172971816623428,-0.0172744287435763,92542.0,2025-12-12 00:00:00+00:00,2025-12-11 23:00:00+00:00,0.005497957918418672,-0.01744852566462009,0.005482899316939676,-0.017425372525194608
2025-12-15,85757.01,48.65999984741211,-0.0494678563511417,-0.0496093921421558,88171.61,2025-12-15 00:00:00+00:00,2025-12-14 23:00:00+00:00,-0.04722601629530376,-0.050733300004353166,-0.0483775664096644,-0.0508822127270438
2025-12-16,87552.02,49.709999084472656,0.020931350101875,0.0215782827857198,86417.5,2025-12-16 00:00:00+00:00,2025-12-15 23:00:00+00:00,-0.019894272090528964,0.02071529901978027,-0.020094827514845398,0.02134876746963399
2025-12-17,85857.38,48.709999084472656,-0.0193558069819519,-0.0201166770955012,87854.01,2025-12-17 00:00:00+00:00,2025-12-16 23:00:00+00:00,0.01662290624005558,-0.01954558345636921,0.01648625798226394,-0.02032177266623232
2025-12-18,84558.65,47.959999084472656,-0.0151265971544904,-0.0153972493142394,86209.77,2025-12-18 00:00:00+00:00,2025-12-17 23:00:00+00:00,-0.01871559419996871,-0.015242171100037177,-0.018892947264519067,-0.015517017953061995
2025-12-19,88021.73,49.90999984741211,0.0409547692637004,0.0406588990859839,85460.02,2025-12-19 00:00:00+00:00,2025-12-18 23:00:00+00:00,-0.008696810117925113,0.04013833937447424,-0.00873484807085252,0.03985406935433791
2025-12-22,88294.02,50.09000015258789,0.0030934406765239,0.0036064978105807,88639.95,2025-12-22 00:00:00+00:00,2025-12-21 23:00:00+00:00,0.03720956302139866,0.0030886658335091553,0.03653399467592532,0.0036000099915428864
2025-12-23,87613.32,49.650001525878906,-0.0077094688858883,-0.0087841610175409,88556.77,2025-12-23 00:00:00+00:00,2025-12-22 23:00:00+00:00,-0.0009384030564095758,-0.007739340469546146,-0.0009388436322043949,-0.008822969191911745
2025-12-24,87257.34,49.459999084472656,-0.004063080819218,-0.0038268365673104,87429.32,2025-12-24 00:00:00+00:00,2025-12-23 23:00:00+00:00,-0.012731381237143125,-0.004071357559072542,-0.012813119775326159,-0.0038341776410780997
2025-12-26,87507.92,49.61000061035156,0.0028717354895302,0.0030327846473008,87171.68,2025-12-26 00:00:00+00:00,2025-12-25 23:00:00+00:00,-0.002946837514005707,0.002867619934476963,-0.0029511879885358466,0.003028195033141837
2025-12-29,87076.36,49.380001068115234,-0.0049316678993169,-0.0046361527798154,87877.29,2025-12-29 00:00:00+00:00,2025-12-28 23:00:00+00:00,0.008094486649792731,-0.004943868703523583,0.008061902011908465,-0.004646933068395648
2025-12-30,87836.94,49.83000183105469,0.0087346324536303,0.0091130164683213,87110.78,2025-12-30 00:00:00+00:00,2025-12-29 23:00:00+00:00,-0.008722503845987939,0.008696706239268282,-0.008760767548677793,0.009071743491786476
2025-12-31,87523.98,49.650001525878906,-0.0035629656497597,-0.0036122877495782,88397.5,2025-12-31 00:00:00+00:00,2025-12-30 23:00:00+00:00,0.014771076553326656,-0.0035693281292300903,0.014663046714152786,-0.0036188278154545344
2026-01-02,89693.1,50.939998626708984,0.0247831508576279,0.0259818139211476,88738.34,2026-01-02 00:00:00+00:00,2026-01-01 23:00:00+00:00,0.0038557651517294733,0.024481030069468935,0.0038483507419806834,0.02565002136843117
2026-01-05,94194.02,53.459999084472656,0.0501813405936464,0.0494699749843019,91494.0,2026-01-05 00:00:00+00:00,2026-01-04 23:00:00+00:00,0.03105376999389442,0.04896285458486616,0.030581356918240314,0.048285250992988714
2026-01-06,92447.52,52.45000076293945,-0.0185415167544605,-0.0188925989306003,93870.06,2026-01-06 00:00:00+00:00,2026-01-05 23:00:00+00:00,0.02596957177519843,-0.01871556545161212,0.025638089169613326,-0.0190733441969686
2026-01-07,90930.07,51.540000915527344,-0.0164141774706341,-0.0173498538450947,93722.01,2026-01-07 00:00:00+00:00,2026-01-06 23:00:00+00:00,-0.001577180199948791,-0.016550382601883937,-0.0015784252579330849,-0.017502126400687535
2026-01-08,90847.09,51.52000045776367,-0.0009125694063581,-0.0003880569927899,91279.73,2026-01-08 00:00:00+00:00,2026-01-07 23:00:00+00:00,-0.026058766772074082,-0.0009129860513164901,-0.026404312654803735,-0.0003881323063894229
2026-01-09,90195.99,51.15999984741211,-0.0071669879574567,-0.0069875894245515,91026.0,2026-01-09 00:00:00+00:00,2026-01-08 23:00:00+00:00,-0.0027796970915667796,-0.007192794191552011,-0.0027835676237959388,-0.0070121169531829905
2026-01-12,91409.51,51.869998931884766,0.0134542566692819,0.0138780118567294,90872.01,2026-01-12 00:00:00+00:00,2026-01-11 23:00:00+00:00,-0.0016917144552106578,0.013364551869918275,-0.0016931470199979901,0.013782594043071158
2026-01-13,94411.91,53.56999969482422,0.0328455977939277,0.0327742586841359,91188.09,2026-01-13 00:00:00+00:00,2026-01-12 23:00:00+00:00,0.00347829876328265,0.032317709260010284,0.003472263473118467,0.032248636424951724
2026-01-14,97676.01,55.439998626708984,0.0345729686011011,0.0349075777961118,95384.23,2026-01-14 00:00:00+00:00,2026-01-13 23:00:00+00:00,0.046016316385177,0.033988750854786864,0.04498896435967188,0.03431212591478356
2026-01-15,95225.99,54.0,-0.0250831294193936,-0.0259740018466603,96955.16,2026-01-15 00:00:00+00:00,2026-01-14 23:00:00+00:00,0.016469493961423165,-0.025403072562178493,0.016335342776532633,-0.026317283546611645
2026-01-16,95536.0,54.2400016784668,0.0032555187927161,0.0044444755271628,95587.65,2026-01-16 00:00:00+00:00,2026-01-15 23:00:00+00:00,-0.01410456132504978,0.0032502310645022904,-0.014204975971383243,0.004434628013049543
2026-01-20,89592.06,50.7599983215332,-0.0622167559872718,-0.0641593519403438,92559.66,2026-01-20 00:00:00+00:00,2026-01-19 23:00:00+00:00,-0.0316776278107056,-0.06423643982181645,-0.03219021802627708,-0.06631006479785932
2026-01-21,90136.01,51.11000061035156,0.0060714085600888,0.0068952383843929,88310.6,2026-01-21 00:00:00+00:00,2026-01-20 23:00:00+00:00,-0.04590617554126708,0.006053051822501556,-0.046993263880508264,0.006871574942644141
2026-01-22,89312.0,50.66999816894531,-0.009141851297833,-0.0086089304666753,89363.71,2026-01-22 00:00:00+00:00,2026-01-21 23:00:00+00:00,0.011925069017762358,-0.009183894451410119,0.011854525651427774,-0.008646201371150823
2026-01-23,89395.04,50.70000076293945,0.0009297742744536,0.0005921175267089,89463.5,2026-01-23 00:00:00+00:00,2026-01-22 23:00:00+00:00,0.0011166725284792456,0.0009293423020900277,0.0011160495134706781,0.0005919422942949497
2026-01-26,87528.0,49.650001525878906,-0.020885275066715,-0.020710043811835,86561.94,2026-01-26 00:00:00+00:00,2026-01-25 23:00:00+00:00,-0.032432891626193894,-0.021106457481512773,-0.032970493823413556,-0.02092750442136461
2026-01-27,89297.98,50.630001068115234,0.0202218718581481,0.0197381573437722,88250.01,2026-01-27 00:00:00+00:00,2026-01-26 23:00:00+00:00,0.019501295835097965,0.020020125071380738,0.01931358208119521,0.019545885854418365
2026-01-28,88997.89,50.5099983215332,-0.0033605463415857,-0.0023701904809479,89116.96,2026-01-28 00:00:00+00:00,2026-01-27 23:00:00+00:00,0.009823794920816642,-0.00336620565993419,0.009775855158730326,-0.002373003828731902
2026-01-29,84043.29,47.599998474121094,-0.0556709827615015,-0.0576123528828456,89162.4,2026-01-29 00:00:00+00:00,2026-01-28 23:00:00+00:00,0.000509891719825184,-0.05728063835064965,0.0005097617692141614,-0.05933857406848041
2026-01-30,83738.0,47.4900016784668,-0.0036325327102257,-0.0023108571256383,84513.2,2026-01-30 00:00:00+00:00,2026-01-29 23:00:00+00:00,-0.05214305581725032,-0.0036391463782726044,-0.053551690874894996,-0.0023135312764806172
2026-02-02,77941.95,44.220001220703125,-0.0692164847500538,-0.0688566085952862,76895.53,2026-02-02 00:00:00+00:00,2026-02-01 23:00:00+00:00,-0.09013586043363642,-0.07172855801385267,-0.0944599877969949,-0.07134199487008715
2026-02-03,76370.3,43.29999923706055,-0.0201643659159155,-0.0208051098653485,78666.85,2026-02-03 00:00:00+00:00,2026-02-02 23:00:00+00:00,0.023035409210392377,-0.02037044170650836,0.022774099479357553,-0.021024585645931307
2026-02-04,73337.99,41.56999969482422,-0.0397053566635197,-0.0399538007556272,75661.49,2026-02-04 00:00:00+00:00,2026-02-03 23:00:00+00:00,-0.03820363977965302,-0.04051512146843992,-0.038952534487233674,-0.04077387146529965
2026-02-05,63620.01,36.099998474121094,-0.1325094947379932,-0.131585308175602,72998.0,2026-02-05 00:00:00+00:00,2026-02-04 23:00:00+00:00,-0.03520271673211839,-0.14215071216395078,-0.03583726886322036,-0.141085922852575
2026-02-06,69963.99,39.68000030517578,0.0997167400633858,0.0991690299826764,62791.0,2026-02-06 00:00:00+00:00,2026-02-05 23:00:00+00:00,-0.139825748650648,0.09505263760989514,-0.15062029241072378,0.09455446703687331
2026-02-09,70707.99,40.11000061035156,0.0106340418835459,0.0108367011559646,70279.33,2026-02-09 00:00:00+00:00,2026-02-08 23:00:00+00:00,0.11925801468363306,0.010577898132757476,0.11266597887598283,0.010778404891309845
2026-02-10,68708.94,38.970001220703125,-0.0282719109961971,-0.0284218242907288,70101.99,2026-02-10 00:00:00+00:00,2026-02-09 23:00:00+00:00,-0.002523359286435989,-0.028679257480548236,-0.0025265483233337387,-0.02883354432411084
2026-02-11,67517.41,38.290000915527344,-0.0173417025499156,-0.0174493272741937,68803.65,2026-02-11 00:00:00+00:00,2026-02-10 23:00:00+00:00,-0.018520729582712447,-0.017493831219128893,-0.018694385797076336,-0.017603361275239038
2026-02-12,65362.5,37.04999923706055,-0.0319163605357493,-0.0323844776395383,67024.93,2026-02-12 00:00:00+00:00,2026-02-11 23:00:00+00:00,-0.02585211685717259,-0.032436791032987994,-0.026192156122599917,-0.03292045824961628
2026-02-13,68729.57,38.970001220703125,0.0515137884872825,0.0518219169549138,66208.0,2026-02-13 00:00:00+00:00,2026-02-12 23:00:00+00:00,-0.012188449879768526,0.0502308292342056,-0.012263338171922026,0.05052381952485523
2026-02-17,67712.49,38.38999938964844,-0.0147982884222904,-0.0148832900407136,68858.13,2026-02-17 00:00:00+00:00,2026-02-16 23:00:00+00:00,0.04002733808603187,-0.014908875447667749,0.039246999428978614,-0.014995157560799088
2026-02-18,66221.41,37.540000915527344,-0.0220207527444346,-0.0221411432048703,67466.7,2026-02-18 00:00:00+00:00,2026-02-17 23:00:00+00:00,-0.020207199934125564,-0.02226682874754459,-0.020414158175886328,-0.0223899375675829
2026-02-19,67125.14,38.06999969482422,0.0136470969132187,0.0141182409795215,66419.79,2026-02-19 00:00:00+00:00,2026-02-18 23:00:00+00:00,-0.01551743304474662,0.013554813934691469,-0.0156390885709064,0.014019506831819899
2026-02-20,67733.36,38.41999816894531,0.009060986688445,0.0091935507466967,66972.5,2026-02-20 00:00:00+00:00,2026-02-19 23:00:00+00:00,0.008321465635467984,0.00902018224899331,0.008287033127714899,0.009151547303285011
2026-02-23,64463.59,36.54999923706055,-0.0482741443802582,-0.0486725408903396,67617.98,2026-02-23 00:00:00+00:00,2026-02-22 23:00:00+00:00,0.009637985740415855,-0.04947825244715378,0.009591836641812138,-0.049896944359585145
2026-02-24,64474.97,36.529998779296875,0.0001765337611512,-0.0005472081581712,64625.78,2026-02-24 00:00:00+00:00,2026-02-23 23:00:00+00:00,-0.04425154374620477,0.00017651818090041866,-0.04526052162659475,-0.0005473579311959104
2026-02-25,69177.78,39.22999954223633,0.0729400882233834,0.0739118766264415,64068.33,2026-02-25 00:00:00+00:00,2026-02-24 23:00:00+00:00,-0.008625814651676111,0.070402626323968,-0.008663232318167497,0.07130794116201156
2026-02-26,67434.87,38.2599983215332,-0.0251946506522759,-0.0247260064242108,67992.68,2026-02-26 00:00:00+00:00,2026-02-25 23:00:00+00:00,0.06125257205861301,-0.0255174696099878,0.059449882252839266,-0.025036828410656305
2026-02-27,65590.47,37.189998626708984,-0.0273508349612002,-0.0279665379447235,67490.51,2026-02-27 00:00:00+00:00,2026-02-26 23:00:00+00:00,-0.007385647984459509,-0.027731832178200664,-0.007413056921096132,-0.028365049131463864
2026-03-02,69128.01,39.19499969482422,0.0539337498267658,0.0539123727387096,65769.0,2026-03-02 00:00:00+00:00,2026-03-01 23:00:00+00:00,-0.02550743800869182,0.052529592191817354,-0.025838392704688597,0.052509308843969475
2026-03-03,68264.6,38.70000076293945,-0.0124900167095796,-0.0126291347299112,68832.01,2026-03-03 00:00:00+00:00,2026-03-02 23:00:00+00:00,0.04657224528273196,-0.012568672596777193,0.04552029566943559,-0.012709560104662176
2026-03-04,73077.92,41.439998626708984,0.070509751760063,0.070800976996193,68335.99,2026-03-04 00:00:00+00:00,2026-03-03 23:00:00+00:00,-0.007206240236192318,0.06813493854376697,-0.0072323306032261786,0.06840694506203138
2026-03-05,71233.32,40.38999938964844,-0.0252415503889545,-0.0253378202668134,72683.26,2026-03-05 00:00:00+00:00,2026-03-04 23:00:00+00:00,0.0636161120955443,-0.025565582666572755,0.06167452891390647,-0.02566435034809613
2026-03-06,68102.86,38.599998474121094,-0.043946568824814,-0.0443179238073002,70887.6,2026-03-06 00:00:00+00:00,2026-03-05 23:00:00+00:00,-0.024705276015412503,-0.04494147714193032,-0.025015572652156228,-0.0453299775236262
2026-03-09,69012.12,39.130001068115234,0.0133512748216446,0.0137306376928867,65970.56,2026-03-09 00:00:00+00:00,2026-03-08 23:00:00+00:00,-0.06936389439055646,0.013262932009378317,-0.07188694211935891,0.013637226578659373
2026-03-10,70055.27,39.709999084472656,0.015115460878466,0.0148223358171597,68432.17,2026-03-10 00:00:00+00:00,2026-03-09 23:00:00+00:00,0.03731376541293563,0.015002360584256382,0.03663445379363816,0.014713558568922874
2026-03-11,70670.11,40.06999969482422,0.0087764988986551,0.009065742096487,69960.83,2026-03-11 00:00:00+00:00,2026-03-10 23:00:00+00:00,0.022338324212135996,0.008738209301511854,0.022092478302890028,0.009024894944161749
2026-03-12,70462.0,39.95000076293945,-0.0029448093401863,-0.0029947325380256,70208.0,2026-03-12 00:00:00+00:00,2026-03-11 23:00:00+00:00,0.0035329769529606203,-0.002949153822422319,0.0035267506504981605,-0.0029992257223452586
2026-03-13,71190.64,40.369998931884766,0.010340892963583,0.0105130953923517,70531.56,2026-03-13 00:00:00+00:00,2026-03-12 23:00:00+00:00,0.004608591613491253,0.010287791692579313,0.004598004570272099,0.010458217097064465
2026-03-16,73969.53,41.939998626708984,0.0390344854323545,0.0388902585177977,72830.01,2026-03-16 00:00:00+00:00,2026-03-15 23:00:00+00:00,0.03258753953549309,0.03829190255026117,0.03206782631283236,0.03815308432288468
2026-03-17,74542.28,42.27000045776367,0.0077430531193045,0.0078684273214193,74886.47,2026-03-17 00:00:00+00:00,2026-03-16 23:00:00+00:00,0.02823643715001567,0.007713229534969864,0.027845137815307525,0.007837632678624373
2026-03-18,71065.73,40.2599983215332,-0.0466386324646899,-0.0475515049553612,73934.11,2026-03-18 00:00:00+00:00,2026-03-17 23:00:00+00:00,-0.012717384061500026,-0.04776125776314125,-0.012798942198773733,-0.04871924688725116
2026-03-19,70265.41,39.81999969482422,-0.0112616868918393,-0.0109289280937115,71245.02,2026-03-19 00:00:00+00:00,2026-03-18 23:00:00+00:00,-0.036371439380280535,-0.011325579835452852,-0.037049369183236217,-0.010989087548795897
2026-03-20,70169.39,39.77000045776367,-0.0013665329783175,-0.0012556312768391,69918.3,2026-03-20 00:00:00+00:00,2026-03-19 23:00:00+00:00,-0.018621933154064685,-0.0013674675360076131,-0.018797504418608984,-0.0012564202422931153
2026-03-23,70660.88,40.04999923706055,0.0070043362212497,0.0070404520008551,67844.94,2026-03-23 00:00:00+00:00,2026-03-22 23:00:00+00:00,-0.02965403907131614,0.00697991980585296,-0.03010261032181461,0.007015783734818647
2026-03-24,69334.0,39.279998779296875,-0.0187781414553569,-0.0192259793366275,70874.23,2026-03-24 00:00:00+00:00,2026-03-23 23:00:00+00:00,0.04465019793664782,-0.018956689486947384,0.04368209056262606,-0.019413202055392664
2026-03-25,70859.88,40.16999816894531,0.0220076730031442,0.0226578263061842,70533.49,2026-03-25 00:00:00+00:00,2026-03-24 23:00:00+00:00,-0.004807671279109305,0.02176899958419425,-0.004819265305778763,0.022404950379247692
2026-03-26,68479.59,38.81999969482422,-0.0335915048120319,-0.0336071330758673,71301.53,2026-03-26 00:00:00+00:00,2026-03-25 23:00:00+00:00,0.010889011730455866,-0.03416866128975963,0.010830153329952559,-0.03418483290898764
2026-03-27,65975.02,37.400001525878906,-0.0365739631326647,-0.0365790360666756,68769.02,2026-03-27 00:00:00+00:00,2026-03-26 23:00:00+00:00,-0.03551831215964085,-0.03725955913155826,-0.03616443298521998,-0.03726482466017458
2026-03-30,66488.0,37.68000030517578,0.0077753671010634,0.0074865980714768,65956.94,2026-03-30 00:00:00+00:00,2026-03-29 23:00:00+00:00,-0.04089166895209506,0.0077452947162526846,-0.041751247967633034,0.007458712587920634
2026-03-31,67772.92,38.41999816894531,0.0193255925881361,0.0196390089643361,66737.18,2026-03-31 00:00:00+00:00,2026-03-30 23:00:00+00:00,0.01182953605791881,0.019141224880694814,0.011760114046705633,0.01944865187420886
2026-04-01,68162.03,38.63999938964844,0.0057413787099627,0.0057262163245221,68221.85,2026-04-01 00:00:00+00:00,2026-03-31 23:00:00+00:00,0.0222465198559485,0.005724959809989383,0.022002675860584398,0.00570988386695332
2026-04-02,66976.06,37.970001220703125,-0.0173992764006588,-0.017339497399806,68112.35,2026-04-02 00:00:00+00:00,2026-04-01 23:00:00+00:00,-0.0016050576171710018,-0.017552422834934283,-0.0016063471021313725,-0.017491587155611495
2026-04-06,69732.99,39.52000045776367,0.0411629170184093,0.0408216799375664,69005.0,2026-04-06 00:00:00+00:00,2026-04-05 23:00:00+00:00,0.013105552810907195,0.04033827788589813,0.013020418072154356,0.04001047806989817
2026-04-07,68993.62,39.099998474121094,-0.0106028724711217,-0.0106275804346572,68853.61,2026-04-07 00:00:00+00:00,2026-04-06 23:00:00+00:00,-0.002193898992826626,-0.01065948343826761,-0.002196309114910151,-0.010684456496472447
2026-04-08,71331.51,40.41999816894531,0.0338855969580955,0.0337595843053006,71910.2,2026-04-08 00:00:00+00:00,2026-04-07 23:00:00+00:00,0.04439258885627062,0.03332412872529107,0.04343546173978758,0.03320223870848084
2026-04-09,72136.37,40.90999984741211,0.0112833725235874,0.012122753603766,71085.99,2026-04-09 00:00:00+00:00,2026-04-08 23:00:00+00:00,-0.011461656343606186,0.011220190105453812,-0.011527847385382654,0.012049861536699694
2026-04-10,73286.01,41.560001373291016,0.0159370370313893,0.0158885731680105,71798.01,2026-04-10 00:00:00+00:00,2026-04-09 23:00:00+00:00,0.010016319671428686,0.015811375810184148,0.009966488813150995,0.015763671063138165
2026-04-13,73373.2,41.59000015258789,0.0011897222948826,0.0007218185347837,70755.35,2026-04-13 00:00:00+00:00,2026-04-12 23:00:00+00:00,-0.0145221295130602,0.001189015136139317,-0.014628607753668874,0.0007215581490784085
2026-04-14,74299.83,42.130001068115234,0.0126289980537854,0.0129839123237835,74446.0,2026-04-14 00:00:00+00:00,2026-04-13 23:00:00+00:00,0.05216072000209171,0.012549917368387837,0.05084587831389188,0.012900343920086585
2026-04-15,75048.06,42.560001373291016,0.0100704133508784,0.0102065106639936,74179.04,2026-04-15 00:00:00+00:00,2026-04-14 23:00:00+00:00,-0.0035859549203450802,0.010020044612096074,-0.003592399868833334,0.01015477595679774
2026-04-16,75378.0,42.72999954223633,0.0043963827979032,0.0039943177504688,74836.31,2026-04-16 00:00:00+00:00,2026-04-15 23:00:00+00:00,0.008860589190693213,0.004386746938678187,0.008821564521916096,0.003986361642435019
2026-04-17,77453.07,43.939998626708984,0.0275288545729524,0.028317320323784,75163.09,2026-04-17 00:00:00+00:00,2026-04-16 23:00:00+00:00,0.004366596909975984,0.027156749303394675,0.004357090987995791,0.02792379675968589
2026-04-20,76337.42,43.25,-0.0144042063148692,-0.0157032009165691,73823.14,2026-04-20 00:00:00+00:00,2026-04-19 23:00:00+00:00,-0.01782723408524045,-0.014508953982757016,-0.017988053398593166,-0.015827802324797115
2026-04-21,75030.96,42.5099983215332,-0.0171142802573101,-0.0171098653980762,75864.86,2026-04-21 00:00:00+00:00,2026-04-20 23:00:00+00:00,0.027656910827688952,-0.017262422213142642,0.027281366996897732,-0.017257930491236393
2026-04-22,78878.3,44.75,0.0512766996450531,0.0526935254507441,76348.58,2026-04-22 00:00:00+00:00,2026-04-21 23:00:00+00:00,0.006376074509331531,0.05000532998016947,0.006355833340164419,0.0513521418342125
2026-04-23,77743.16,44.04999923706055,-0.0143910302326495,-0.015642475149485,78208.52,2026-04-23 00:00:00+00:00,2026-04-22 23:00:00+00:00,0.02436116035163982,-0.014495585425147757,0.024069160090722026,-0.015766109658527427
2026-04-24,77659.72,44.02000045776367,-0.0010732777005719,-0.0006810165679103,78281.32,2026-04-24 00:00:00+00:00,2026-04-23 23:00:00+00:00,0.0009308448747016307,-0.0010738540755270765,0.0009304119072740939,-0.0006812485650284267
2026-04-27,76886.0,43.560001373291016,-0.0099629511927161,-0.0104497746408253,78673.83,2026-04-27 00:00:00+00:00,2026-04-26 23:00:00+00:00,0.005014095316737022,-0.010012913516065414,0.005001566603470111,-0.010504756906125666
2026-04-28,76308.13,43.27000045776367,-0.0075159326795515,-0.0066575047379396,77364.42,2026-04-28 00:00:00+00:00,2026-04-27 23:00:00+00:00,-0.016643526824612453,-0.007544319627277386,-0.01678358655048841,-0.006679764775150549
2026-04-29,75526.0,42.75,-0.010249628709287,-0.0120175745842954,76317.99,2026-04-29 00:00:00+00:00,2026-04-28 23:00:00+00:00,-0.013525985200948831,-0.010302517860111927,-0.01361829466816479,-0.01209036943326315
2026-04-30,76375.39,43.31999969482422,0.0112463257686095,0.0133333261947186,75752.88,2026-04-30 00:00:00+00:00,2026-04-29 23:00:00+00:00,-0.007404676145165823,0.011183556027829757,-0.007432226846508221,0.01324521970533503
2026-05-01,78374.85,44.470001220703125,0.0261793753197201,0.0265466651426662,76305.78,2026-05-01 00:00:00+00:00,2026-04-30 23:00:00+00:00,0.0072987324046291935,0.02584256121395464,0.007272225556721374,0.026200416884536937
2026-05-04,80052.2,45.400001525878906,0.0214016358564002,0.0209129813277995,78558.89,2026-05-04 00:00:00+00:00,2026-05-03 23:00:00+00:00,0.029527383115669714,0.021175836812657927,0.029099845593042496,0.020697306684328128
2026-05-05,81611.95,46.279998779296875,0.019484161584566,0.0193831987630297,79852.37,2026-05-05 00:00:00+00:00,2026-05-04 23:00:00+00:00,0.01646510025790837,0.019296775437999188,0.016331020253292295,0.01919773729203409
2026-05-06,81457.38,46.189998626708984,-0.0018939628326487,-0.0019446878773071,80907.72,2026-05-06 00:00:00+00:00,2026-05-05 23:00:00+00:00,0.013216263963111041,-0.0018957586480845127,0.013129691092261564,-0.0019465812378389696
2026-05-07,80142.85,45.400001525878906,-0.0161376415494827,-0.017103206848187,81438.1,2026-05-07 00:00:00+00:00,2026-05-06 23:00:00+00:00,0.006555369499968711,-0.01626927133740861,0.006533976507081447,-0.01725115605419517
2026-05-08,80149.99,45.45000076293945,8.909091703124261e-05,0.0011013047440548,80005.38,2026-05-08 00:00:00+00:00,2026-05-07 23:00:00+00:00,-0.01759274835734137,8.908694867118869e-05,-0.01774934005842175,0.0011006987528650988
2026-05-11,81956.0,46.470001220703125,0.0225328786691052,0.022442253919507,82199.99,2026-05-11 00:00:00+00:00,2026-05-10 23:00:00+00:00,0.027430780280026212,0.022282763595462163,0.02706129799492392,0.022194131955680013
2026-05-12,80820.63,45.79999923706055,-0.0138534091463711,-0.0144179463318817,81727.06,2026-05-12 00:00:00+00:00,2026-05-11 23:00:00+00:00,-0.005753407025962054,-0.013950263164783918,-0.005770021629865882,-0.014522894903441733
2026-05-13,79612.0,45.119998931884766,-0.0149544738762863,-0.0148471684826041,80484.72,2026-05-13 00:00:00+00:00,2026-05-12 23:00:00+00:00,-0.015201085173013662,-0.015067419463194698,-0.015317806034731997,-0.014958490945035971
2026-05-14,81439.17,46.16999816894531,0.0229509370446665,0.0232712602375206,79288.26,2026-05-14 00:00:00+00:00,2026-05-13 23:00:00+00:00,-0.014865678851836761,0.022691525941241387,-0.014977280459252838,0.02300461334288936
2026-05-15,79089.14,44.81999969482422,-0.0288562616735902,-0.0292397341923467,81079.39,2026-05-15 00:00:00+00:00,2026-05-14 23:00:00+00:00,0.02259010350334334,-0.029280790414211944,0.02233872583807726,-0.029675735296064664
2026-05-18,76859.05,43.529998779296875,-0.0281971709390188,-0.028781814464767,77407.59,2026-05-18 00:00:00+00:00,2026-05-17 23:00:00+00:00,-0.04528647785830653,-0.028602345859003675,-0.046343960318432166,-0.029204134042456406
2026-05-19,76758.13,43.5,-0.0013130529195976,-0.0006891518524724,76943.98,2026-05-19 00:00:00+00:00,2026-05-18 23:00:00+00:00,-0.005989205968045308,-0.001313915728941353,-0.006007213197446406,-0.0006893894267664219
2026-05-20,77598.0,43.9900016784668,0.0109417725523015,0.0112644064015354,76767.48,2026-05-20 00:00:00+00:00,2026-05-19 23:00:00+00:00,-0.002293876661955907,0.010882344465103744,-0.002296511627320957,0.011201435421633562
2026-05-21,77613.34,44.0,0.0001976855073584,0.0002272862275904,77475.99,2026-05-21 00:00:00+00:00,2026-05-20 23:00:00+00:00,0.009229298656149743,0.00019766597015329873,0.009186968929102769,0.0002272604019889973
2026-05-22,75769.44,42.959999084472656,-0.0237575138500674,-0.0236363844438032,77547.62,2026-05-22 00:00:00+00:00,2026-05-21 23:00:00+00:00,0.000924544494365076,-0.024044274503256215,0.0009241173663496755,-0.02392020502881001
2026-05-26,75919.93,42.9900016784668,0.0019861569519319,0.0006983844188437,77249.07,2026-05-26 00:00:00+00:00,2026-05-25 23:00:00+00:00,-0.003849892491864848,0.0019841871500057063,-0.0038573224036693317,0.0006981406619295767
2026-05-27,74920.54,42.45000076293945,-0.0131637371109272,-0.0125610815176548,75826.1,2026-05-27 00:00:00+00:00,2026-05-26 23:00:00+00:00,-0.018420545386501064,-0.01325114703995177,-0.018592316312326926,-0.012640638821363728
2026-05-28,73318.39,41.560001373291016,-0.0213846563305603,-0.0209658274123152,74315.98,2026-05-28 00:00:00+00:00,2026-05-27 23:00:00+00:00,-0.01991556996865207,-0.021616621045617145,-0.02011655793527187,-0.021188731455415007
2026-05-29,73404.1,41.630001068115234,0.0011690109398201,0.0016843044396337,73512.56,2026-05-29 00:00:00+00:00,2026-05-28 23:00:00+00:00,-0.010810864635035444,0.001168328178583193,-0.010869726649372885,0.0016828875896257962
2026-06-01,71488.84,40.4900016784668,-0.0260920030352529,-0.0273840826423031,73575.17,2026-06-01 00:00:00+00:00,2026-05-31 23:00:00+00:00,0.0008516911939946414,-0.026438438769563446,0.0008513287108508774,-0.0277660153662988
2026-06-02,67213.59,38.04999923706055,-0.0598030405864747,-0.0602618508337549,71314.42,2026-06-02 00:00:00+00:00,2026-06-01 23:00:00+00:00,-0.030727078170529554,-0.06166589437571826,-0.03120905367336306,-0.06215400724120561
2026-06-03,65356.01,37.0,-0.0276369704400553,-0.0275952498847319,66658.35,2026-06-03 00:00:00+00:00,2026-06-02 23:00:00+00:00,-0.06528932016834732,-0.028026057049092282,-0.06751823091295359,-0.02798315161249899
2026-06-04,63541.28,36.02000045776367,-0.0277668419476648,-0.0264864741144953,64040.0,2026-06-04 00:00:00+00:00,2026-06-03 23:00:00+00:00,-0.03928015019873743,-0.028159628747555936,-0.040072431969484734,-0.02684356018781727
2026-06-05,60264.11,34.13999938964844,-0.0515754482755147,-0.052193254975654,63806.02,2026-06-05 00:00:00+00:00,2026-06-04 23:00:00+00:00,-0.003653653966271153,-0.052953037605417315,-0.003660344862374974,-0.05360465296801447
2026-06-08,63352.53,35.88999938964844,0.0512480811547702,0.0512595205414858,63302.73,2026-06-08 00:00:00+00:00,2026-06-07 23:00:00+00:00,-0.00788781372039804,0.049978107004682075,-0.007919087083906913,0.0499889886649496
2026-06-09,62044.83,35.13999938964844,-0.0206416381476792,-0.0208971862010206,63062.98,2026-06-09 00:00:00+00:00,2026-06-08 23:00:00+00:00,-0.0037873564062719245,-0.020857654552397804,-0.003794546600840379,-0.02111862276353094
2026-06-10,61882.0,35.08000183105469,-0.0026243927173303,-0.0017073864438206,61685.8,2026-06-10 00:00:00+00:00,2026-06-09 23:00:00+00:00,-0.02183816876398803,-0.002627842472895218,-0.022080151024772572,-0.0017088456892887284
2026-06-11,63548.0,36.04999923706055,0.0269222067806469,0.0276510078499245,61449.46,2026-06-11 00:00:00+00:00,2026-06-10 23:00:00+00:00,-0.003831351785986481,0.026566180054655716,-0.0038387102154081396,0.027275622867066147
2026-06-12,63552.05,36.040000915527344,6.373135267834229e-05,-0.0002773459568599,63563.42,2026-06-12 00:00:00+00:00,2026-06-11 23:00:00+00:00,0.03440160418008564,6.372932192196662e-05,0.03382309930579078,-0.00027738442436250427
2026-06-15,66577.42,37.7400016784668,0.0476046012677795,0.0471698312917365,65706.62,2026-06-15 00:00:00+00:00,2026-06-14 23:00:00+00:00,0.033717506075034986,0.04650622584087638,0.0331615338025186,0.04609112627165489
2026-06-16,65622.49,37.16999816894531,-0.0143431511764798,-0.0151034309531233,66276.8,2026-06-16 00:00:00+00:00,2026-06-15 23:00:00+00:00,0.008677664442334754,-0.014447008459294117,0.008640229919183968,-0.015218649367348847
2026-06-17,64241.65,36.36000061035156,-0.0210421762417123,-0.0217917029458044,65616.64,2026-06-17 00:00:00+00:00,2026-06-16 23:00:00+00:00,-0.009960649880501271,-0.021266718321120575,-0.01001058904796292,-0.022032648951907742
2026-06-18,62872.8,35.619998931884766,-0.0213078275542424,-0.0203520810243363,64446.04,2026-06-18 00:00:00+00:00,2026-06-17 23:00:00+00:00,-0.017839986930144547,-0.021538116492066137,-0.018001037802295748,-0.0205620382205
2026-06-22,64408.02,36.5,0.0244178722754513,0.0247052525127258,63235.63,2026-06-22 00:00:00+00:00,2026-06-21 23:00:00+00:00,-0.018781759127480924,0.02412452176996889,-0.01896037639909829,0.02440501271332138
2026-06-23,62310.83,35.310001373291016,-0.0325610071540779,-0.0326027021016159,63950.61,2026-06-23 00:00:00+00:00,2026-06-22 23:00:00+00:00,0.01130660040866216,-0.03310291255634727,0.01124315856212231,-0.03314601175574097
2026-06-24,59858.28,33.869998931884766,-0.039359931491845,-0.0407817158142477,62644.86,2026-06-24 00:00:00+00:00,2026-06-23 23:00:00+00:00,-0.0204181007812122,-0.04015547866197913,-0.020629431801679407,-0.041636613538756743
2026-06-25,59220.01,33.52000045776367,-0.0106630193851209,-0.0103335838546959,60983.13,2026-06-25 00:00:00+00:00,2026-06-24 23:00:00+00:00,-0.026526198637845222,-0.010720276764435202,-0.02688436633257174,-0.010387346023631772
2026-06-26,59655.5,33.849998474121094,0.0073537643779526,0.0098448094227572,59703.65,2026-06-26 00:00:00+00:00,2026-06-25 23:00:00+00:00,-0.02098088438556689,0.0073268572844511284,-0.021204110989100508,0.009796665010303154
2026-06-29,60332.0,34.18000030517578,0.0113401111381179,0.0097489467039999,59474.01,2026-06-29 00:00:00+00:00,2026-06-28 23:00:00+00:00,-0.00384633100321341,0.011276294086252699,-0.003853747157069449,0.00970173233531497
2026-06-30,58716.53,33.290000915527344,-0.0267763375986209,-0.0260386009860177,60162.73,2026-06-30 00:00:00+00:00,2026-06-29 23:00:00+00:00,0.011580184352795397,-0.02714135435131484,0.011513647200302369,-0.026383607527429007
2026-07-01,59971.68,34.0,0.0213764335188064,0.0213276979557395,58523.93,2026-07-01 00:00:00+00:00,2026-06-30 23:00:00+00:00,-0.027239455390405398,0.021151162240345998,-0.02761732717664322,0.021103445527655928
2026-07-02,61424.29,34.869998931884766,0.024221599261518,0.0255882038789636,59961.45,2026-07-02 00:00:00+00:00,2026-07-01 23:00:00+00:00,0.024562943739424137,0.023932908733843412,0.02426612530581591,0.025266305440046176
2026-07-06,63692.7,36.119998931884766,0.0369301785987268,0.0358474344218293,63580.44,2026-07-06 00:00:00+00:00,2026-07-05 23:00:00+00:00,0.06035527826628617,0.03626459679616308,0.058604020143411956,0.03521986892127997
2026-07-07,63776.81,36.150001525878906,0.0013205594989693,0.0008306366246222,64001.84,2026-07-07 00:00:00+00:00,2026-07-06 23:00:00+00:00,0.0066278245321989004,0.0013196883271460152,0.006605957072462935,0.0008302918369367993
2026-07-08,62223.7,35.22999954223633,-0.0243522684812865,-0.025449569704277,63323.27,2026-07-08 00:00:00+00:00,2026-07-07 23:00:00+00:00,-0.010602351432396295,-0.02465368854124087,-0.010658956815970247,-0.025779011454853888
2026-07-09,63193.84,35.810001373291016,0.0155911654241069,0.0164632937437123,62237.7,2026-07-09 00:00:00+00:00,2026-07-08 23:00:00+00:00,-0.017143302927975723,0.015470871937083972,-0.017291950670604288,0.016329243000142265
2026-07-10,63878.41,36.22999954223633,0.0108328596584732,0.0117285158569853,63175.25,2026-07-10 00:00:00+00:00,2026-07-09 23:00:00+00:00,0.015064020681998302,0.010774604569471,0.014951685068179139,0.011660269912338622
2026-07-13,62210.67,35.220001220703125,-0.0261080386941379,-0.0278774036515171,63740.32,2026-07-13 00:00:00+00:00,2026-07-12 23:00:00+00:00,0.008944483797056701,-0.02645490417589765,0.008904718843941471,-0.028273354544618726
2026-07-14,64542.41,36.58000183105469,0.0374813516716667,0.0386144396142758,62264.94,2026-07-14 00:00:00+00:00,2026-07-13 23:00:00+00:00,-0.02314673035842929,0.03679599866880741,-0.02341882282252014,0.03788755529145533
2026-07-15,64941.86,36.810001373291016,0.0061889538986845,0.0062875760175897,64988.64,2026-07-15 00:00:00+00:00,2026-07-14 23:00:00+00:00,0.04374371837505975,0.006169880977338984,0.04281397884152196,0.006267891679593745
2026-07-16,64217.54,36.38999938964844,-0.0111533608677053,-0.0114099964132934,64716.63,2026-07-16 00:00:00+00:00,2026-07-15 23:00:00+00:00,-0.004185500727511782,-0.01121602598380199,-0.00419428445377809,-0.011475589846921336
2026-07-17,64113.2,36.349998474121094,-0.0016247897381307,-0.0010992282549673,63770.6,2026-07-17 00:00:00+00:00,2026-07-16 23:00:00+00:00,-0.014618035580653665,-0.0016261111405052877,-0.014725931841329047,-0.0010998328494444222
2026-07-20,65099.39,36.88999938964844,0.0153820118165994,0.014855596649111,64681.78,2026-07-20 00:00:00+00:00,2026-07-19 23:00:00+00:00,0.014288402492684815,0.015264908007485412,0.014187285333344797,0.014746333061291604
2026-07-21,66424.0,37.66999816894531,0.0203475024881185,0.0211439087070233,65213.05,2026-07-21 00:00:00+00:00,2026-07-20 23:00:00+00:00,0.00821359585342285,0.020143257988799314,0.008180047849642541,0.020923478032771087
2026-07-22,65894.99,37.34000015258789,-0.0079641394676621,-0.0087602344676902,66516.18,2026-07-22 00:00:00+00:00,2026-07-21 23:00:00+00:00,0.019982656845523916,-0.007996022620470743,0.019785624059001885,-0.008798830896156318
2026-07-23,64778.48,36.650001525878906,-0.016943776757535,-0.0184788062102126,66086.61,2026-07-23 00:00:00+00:00,2026-07-22 23:00:00+00:00,-0.006458127932181146,-0.017088964903468784,-0.006479071861455039,-0.018651672233559107
2026-07-24,64163.76,36.349998474121094,-0.0094895712279757,-0.0081856218081185,65051.23,2026-07-24 00:00:00+00:00,2026-07-23 23:00:00+00:00,-0.015667016359289687,-0.00953488410337656,-0.015791041164724146,-0.008219307964347307
2026-07-27,64915.15,36.77000045776367,0.0117105044966192,0.0115543879304862,65341.07,2026-07-27 00:00:00+00:00,2026-07-26 23:00:00+00:00,0.004455565252186489,0.011642467191144302,0.00444566860720417,0.011488145760443685
2026-07-28,63825.78,36.13999938964844,-0.0167814447012755,-0.0171335616065301,63694.43,2026-07-28 00:00:00+00:00,2026-07-27 23:00:00+00:00,-0.025200689244911367,-0.0169238485541163,-0.025523664294232216,-0.017282039487009886
2026-07-29,63515.6,36.0,-0.0048597917643936,-0.0038738071945993,63847.12,2026-07-29 00:00:00+00:00,2026-07-28 23:00:00+00:00,0.002397226884674364,-0.004871638951215892,0.002394358120111037,-0.0038813298194398612
2026-07-30,64741.54,36.70000076293945,0.0193013999710307,0.019444465637207,63896.14,2026-07-30 00:00:00+00:00,2026-07-29 23:00:00+00:00,0.000767771514204485,0.019117490654478014,0.0007674769284288744,0.019257837392955328
2026-07-31,62903.64,35.63999938964844,-0.0283882650922422,-0.0288828706064069,64721.9,2026-07-31 00:00:00+00:00,2026-07-30 23:00:00+00:00,0.01292347237250957,-0.028799004006351308,0.012840676877310076,-0.029308190371921637
2026-08-03,63813.48,36.15999984741211,0.0144640278368628,0.0145903610176465,63499.49,2026-08-03 00:00:00+00:00,2026-08-02 23:00:00+00:00,-0.01888711548950206,0.014360421633261114,-0.01906775518014046,0.01448494582703422
2026-08-04,64197.18,36.38999938964844,0.0060128361593818,0.0063606068364734,63466.51,2026-08-04 00:00:00+00:00,2026-08-03 23:00:00+00:00,-0.0005193742500922971,0.0059948311979156725,-0.0005195091716166594,0.006340463547382528
2026-08-05,64794.63,36.7400016784668,0.0093064835558196,0.0096180899886995,64050.51,2026-08-05 00:00:00+00:00,2026-08-04 23:00:00+00:00,0.00920170338655768,0.00926344505639038,0.009159625641602871,0.009572130620415314
2026-08-06,64390.13,36.4900016784668,-0.0062428012938726,-0.0068045723619692,64603.03,2026-08-06 00:00:00+00:00,2026-08-05 23:00:00+00:00,0.008626316948920465,-0.006262369058824264,0.0085893228730481,-0.006827829025626661
2026-08-07,64914.79,36.79999923706055,0.0081481432014502,0.0084954109162642,64267.3,2026-08-07 00:00:00+00:00,2026-08-06 23:00:00+00:00,-0.005196815071986549,0.008115126312273735,-0.005210365481802744,0.008459527996485524
2026-08-10,63977.9,36.22999954223633,-0.0144326123522852,-0.0154891224630837,64848.69,2026-08-10 00:00:00+00:00,2026-08-09 23:00:00+00:00,0.00904643574570585,-0.014537775581787392,0.00900576186425297,-0.015610332170783276
2026-08-11,63468.75,35.939998626708984,-0.0079582168217462,-0.0080044416006482,63911.88,2026-08-11 00:00:00+00:00,2026-08-10 23:00:00+00:00,-0.01444608981307105,-0.007990052444923717,-0.014551450499511485,-0.008036649127296283
2026-08-12,63344.07,35.88999938964844,-0.0019644313146233,-0.0013911863931844,63531.75,2026-08-12 00:00:00+00:00,2026-08-11 23:00:00+00:00,-0.005947720517687771,-0.001966363340454253,-0.005965478656006305,-0.0013921549914127714
2026-08-13,63339.67,35.880001068115234,-6.946190858914125e-05,-0.0002785823823693,63411.72,2026-08-13 00:00:00+00:00,2026-08-12 23:00:00+00:00,-0.0018892915746850925,-6.94643211792364e-05,-0.0018910785370955792,-0.0002786211936494733
2026-08-14,62892.03,35.630001068115234,-0.0070672928987473,-0.0069676698037269,63425.35,2026-08-14 00:00:00+00:00,2026-08-13 23:00:00+00:00,0.00021494449291070694,-0.007092384502904365,0.00021492139565288358,-0.006992057363974017
2026-08-17,64262.0,36.41999816894531,0.0217828872752239,0.0221722446575236,62836.66,2026-08-17 00:00:00+00:00,2026-08-16 23:00:00+00:00,-0.009281620046243222,0.021549030147799502,-0.009324962683316097,0.021930014427665883
2026-08-18,64610.51,36.599998474121094,0.0054232672496965,0.0049423480017982,64484.18,2026-08-18 00:00:00+00:00,2026-08-17 23:00:00+00:00,0.026219089302327525,0.005408614289936468,0.025881261284430135,0.004930174693254616
2026-08-19,68418.55,38.779998779296875,0.0589383987218179,0.0595628523514066,64681.33,2026-08-19 00:00:00+00:00,2026-08-18 23:00:00+00:00,0.0030573390248584964,0.0572668956373026,0.003052674868089572,0.0578564196202198
2026-08-20,72669.36,41.20000076293945,0.0621294955827038,0.0624033537859347,69300.01,2026-08-20 00:00:00+00:00,2026-08-19 23:00:00+00:00,0.07140669494582119,0.060275850963142856,0.06897245322793333,0.06053365653656958
2026-08-21,77003.92,43.68000030517578,0.0596476974614885,0.0601941625318405,73011.87,2026-08-21 00:00:00+00:00,2026-08-20 23:00:00+00:00,0.053562185633162285,0.05793649199446757,0.05217698017373315,0.05845206354984624
2026-08-24,78746.35,44.63999938964844,0.0226278090777716,0.0219780008645948,77729.36,2026-08-24 00:00:00+00:00,2026-08-23 23:00:00+00:00,0.06461264449191617,0.022375597776466426,0.06261101890927784,0.021739965977030793
2026-08-25,78928.78,44.720001220703125,0.0023166788047952,0.0017921557380944,78981.59,2026-08-25 00:00:00+00:00,2026-08-24 23:00:00+00:00,0.016110128785313593,0.0023139994418040102,0.01598173775576752,0.0017905517431195744
2026-08-26,78475.06,44.459999084472656,-0.0057484734972464,-0.0058140010986873,78526.8,2026-08-26 00:00:00+00:00,2026-08-25 23:00:00+00:00,-0.005758177317017665,-0.0057650595646094515,-0.005774819536675959,-0.005830968199532499
2026-08-27,79910.05,45.290000915527344,0.0182859369588248,0.0186685076056278,79026.18,2026-08-27 00:00:00+00:00,2026-08-26 23:00:00+00:00,0.006359357569644786,0.018120759787662272,0.006339222175655965,0.018496389839009007
2026-08-28,77559.99,43.900001525878906,-0.029408816538095,-0.0306910876915413,80275.34,2026-08-28 00:00:00+00:00,2026-08-27 23:00:00+00:00,0.0158069136076171,-0.029849925648089234,0.015683285433530866,-0.031171922943714694
2026-08-31,78893.63,44.66999816894531,0.0171949480653621,0.0175397862483557,77665.14,2026-08-31 00:00:00+00:00,2026-08-30 23:00:00+00:00,-0.03251558946994182,0.017048788042839772,-0.03305596735524502,0.01738773953413711
